%year	month	day	hour	minute	sea-level-height	flag1	flag2
2004	1	1	0	0	0.297	0.003	0
2004	1	1	1	0	0.302	0.002	0
2004	1	1	2	0	0.295	0.006	0
2004	1	1	3	0	0.28	0.003	0
2004	1	1	4	0	0.236	0.004	0
2004	1	1	5	0	0.192	0.003	0
2004	1	1	6	0	0.164	0.002	0
2004	1	1	7	0	0.153	0.003	0
2004	1	1	8	0	0.126	0.002	0
2004	1	1	9	0	0.094	0.002	0
2004	1	1	10	0	0.067	0.002	0
2004	1	1	11	0	0.069	0.002	0
2004	1	1	12	0	0.08	0.001	0
2004	1	1	13	0	0.1	0.002	0
2004	1	1	14	0	0.142	0.002	0
2004	1	1	15	0	0.159	0.003	0
2004	1	1	16	0	0.2	0.005	0
2004	1	1	17	0	0.218	0.003	0
2004	1	1	18	0	0.251	0.003	0
2004	1	1	19	0	0.291	0.003	0
2004	1	1	20	0	0.324	0.006	0
2004	1	1	21	0	0.344	0.005	0
2004	1	1	22	0	0.336	0.006	0
2004	1	1	23	0	0.353	0.004	0
2004	1	2	0	0	0.366	0.002	0
2004	1	2	1	0	0.349	0.002	0
2004	1	2	2	0	0.329	0.003	0
2004	1	2	3	0	0.313	0.002	0
2004	1	2	4	0	0.28	0.003	0
2004	1	2	5	0	0.213	0.004	0
2004	1	2	6	0	0.165	0.003	0
2004	1	2	7	0	0.112	0.002	0
2004	1	2	8	0	0.082	0.002	0
2004	1	2	9	0	0.061	0.004	0
2004	1	2	10	0	0.033	0.003	0
2004	1	2	11	0	0.012	0.005	0
2004	1	2	12	0	0.014	0.004	0
2004	1	2	13	0	0.059	0.002	0
2004	1	2	14	0	0.091	0.004	0
2004	1	2	15	0	0.13	0.003	0
2004	1	2	16	0	0.169	0.002	0
2004	1	2	17	0	0.213	0.003	0
2004	1	2	18	0	0.26	0.002	0
2004	1	2	19	0	0.3	0.002	0
2004	1	2	20	0	0.327	0.004	0
2004	1	2	21	0	0.378	0.007	0
2004	1	2	22	0	0.387	0.006	0
2004	1	2	23	0	0.395	0.004	0
2004	1	3	0	0	0.371	0.003	0
2004	1	3	1	0	0.377	0.003	0
2004	1	3	2	0	0.375	0.003	0
2004	1	3	3	0	0.322	0.003	0
2004	1	3	4	0	0.258	0.005	0
2004	1	3	5	0	0.207	0.006	0
2004	1	3	6	0	0.148	0.003	0
2004	1	3	7	0	0.093	0.001	0
2004	1	3	8	0	0.049	0.004	0
2004	1	3	9	0	-0.008	0.001	0
2004	1	3	10	0	-0.017	0.017	0
2004	1	3	11	0	-0.037	0.003	0
2004	1	3	12	0	-0.043	0.003	0
2004	1	3	13	0	-0.018	0.005	0
2004	1	3	14	0	0.038	0.005	0
2004	1	3	15	0	0.1	0.003	0
2004	1	3	16	0	0.136	0.005	0
2004	1	3	17	0	0.175	0.003	0
2004	1	3	18	0	0.218	0.005	0
2004	1	3	19	0	0.265	0.002	0
2004	1	3	20	0	0.318	0.003	0
2004	1	3	21	0	0.355	0.003	0
2004	1	3	22	0	0.395	0.007	0
2004	1	3	23	0	0.409	0.002	0
2004	1	4	0	0	0.43	0.004	0
2004	1	4	1	0	0.425	0.002	0
2004	1	4	2	0	0.417	0.005	0
2004	1	4	3	0	0.392	0.003	0
2004	1	4	4	0	0.339	0.002	0
2004	1	4	5	0	0.264	0.005	0
2004	1	4	6	0	0.207	0.006	0
2004	1	4	7	0	0.126	0.006	0
2004	1	4	8	0	0.09	0.006	0
2004	1	4	9	0	0.045	0.003	0
2004	1	4	10	0	-0.002	0.002	0
2004	1	4	11	0	-0.034	0.001	0
2004	1	4	12	0	-0.026	0.002	0
2004	1	4	13	0	-0.02	0.008	0
2004	1	4	14	0	0.044	0.003	0
2004	1	4	15	0	0.097	0.003	0
2004	1	4	16	0	0.122	0.005	0
2004	1	4	17	0	0.174	0.005	0
2004	1	4	18	0	0.231	0.002	0
2004	1	4	19	0	0.296	0.004	0
2004	1	4	20	0	0.351	0.005	0
2004	1	4	21	0	0.397	0.005	0
2004	1	4	22	0	0.424	0.003	0
2004	1	4	23	0	0.451	0.002	0
2004	1	5	0	0	0.481	0.001	0
2004	1	5	1	0	0.484	0.002	0
2004	1	5	2	0	0.479	0.006	0
2004	1	5	3	0	0.447	0.002	0
2004	1	5	4	0	0.415	0.003	0
2004	1	5	5	0	0.34	0.005	0
2004	1	5	6	0	0.264	0.004	0
2004	1	5	7	0	0.189	0.013	0
2004	1	5	8	0	0.112	0.002	0
2004	1	5	9	0	0.046	0.004	0
2004	1	5	10	0	-0.012	0.002	0
2004	1	5	11	0	-0.05	0.004	0
2004	1	5	12	0	-0.044	0.007	0
2004	1	5	13	0	-0.049	0.004	0
2004	1	5	14	0	-0.018	0.005	0
2004	1	5	15	0	-0.004	0.005	0
2004	1	5	16	0	0.06	0.003	0
2004	1	5	17	0	0.117	0.003	0
2004	1	5	18	0	0.177	0.006	0
2004	1	5	19	0	0.241	0.003	0
2004	1	5	20	0	0.298	0.005	0
2004	1	5	21	0	0.324	0.004	0
2004	1	5	22	0	0.326	0.003	0
2004	1	5	23	0	0.345	0.003	0
2004	1	6	0	0	0.373	0.005	0
2004	1	6	1	0	0.391	0.002	0
2004	1	6	2	0	0.383	0.004	0
2004	1	6	3	0	0.359	0.007	0
2004	1	6	4	0	0.326	0.013	0
2004	1	6	5	0	0.245	0.006	0
2004	1	6	6	0	0.166	0.004	0
2004	1	6	7	0	0.092	0.004	0
2004	1	6	8	0	0.041	0.007	0
2004	1	6	9	0	-0.031	0.004	0
2004	1	6	10	0	-0.108	0.004	0
2004	1	6	11	0	-0.18	0.004	0
2004	1	6	12	0	-0.213	0.012	0
2004	1	6	13	0	-0.186	0.007	0
2004	1	6	14	0	-0.148	0.01	0
2004	1	6	15	0	-0.142	0.003	0
2004	1	6	16	0	-0.057	0.005	0
2004	1	6	17	0	-0.004	0.004	0
2004	1	6	18	0	0.052	0.005	0
2004	1	6	19	0	0.116	0.008	0
2004	1	6	20	0	0.187	0.005	0
2004	1	6	21	0	0.239	0.004	0
2004	1	6	22	0	0.299	0.01	0
2004	1	6	23	0	0.328	0.006	0
2004	1	7	0	0	0.369	0.002	0
2004	1	7	1	0	0.399	0.006	0
2004	1	7	2	0	0.415	0.002	0
2004	1	7	3	0	0.416	0.006	0
2004	1	7	4	0	0.38	0.004	0
2004	1	7	5	0	0.328	0.004	0
2004	1	7	6	0	0.289	0.003	0
2004	1	7	7	0	0.227	0.003	0
2004	1	7	8	0	0.131	0.003	0
2004	1	7	9	0	0.038	0.005	0
2004	1	7	10	0	-0.05	0.007	0
2004	1	7	11	0	-0.107	0.004	0
2004	1	7	12	0	-0.1	0.004	0
2004	1	7	13	0	-0.125	0.004	0
2004	1	7	14	0	-0.127	0.003	0
2004	1	7	15	0	-0.106	0.008	0
2004	1	7	16	0	-0.057	0.004	0
2004	1	7	17	0	-0.026	0.005	0
2004	1	7	18	0	0.01	0.003	0
2004	1	7	19	0	0.076	0.003	0
2004	1	7	20	0	0.14	0.005	0
2004	1	7	21	0	0.201	0.009	0
2004	1	7	22	0	0.246	0.004	0
2004	1	7	23	0	0.282	0.004	0
2004	1	8	0	0	0.353	0.009	0
2004	1	8	1	0	0.398	0.003	0
2004	1	8	2	0	0.424	0.005	0
2004	1	8	3	0	0.432	0.004	0
2004	1	8	4	0	0.448	0.002	0
2004	1	8	5	0	0.448	0.003	0
2004	1	8	6	0	0.377	0.004	0
2004	1	8	7	0	0.33	0.002	0
2004	1	8	8	0	0.282	0.005	0
2004	1	8	9	0	0.182	0.001	0
2004	1	8	10	0	0.078	0.004	0
2004	1	8	11	0	0.008	0.003	0
2004	1	8	12	0	-0.027	0.002	0
2004	1	8	13	0	-0.072	0.004	0
2004	1	8	14	0	-0.09	0.003	0
2004	1	8	15	0	-0.105	0.006	0
2004	1	8	16	0	-0.045	0.002	0
2004	1	8	17	0	-0.016	0.005	0
2004	1	8	18	0	0.033	0.004	0
2004	1	8	19	0	0.067	0.002	0
2004	1	8	20	0	0.145	0.005	0
2004	1	8	21	0	0.183	0.003	0
2004	1	8	22	0	0.212	0.005	0
2004	1	8	23	0	0.298	0.009	0
2004	1	9	0	0	0.378	0.007	0
2004	1	9	1	0	0.418	0.004	0
2004	1	9	2	0	0.479	0.002	0
2004	1	9	3	0	0.505	0.003	0
2004	1	9	4	0	0.497	0.001	0
2004	1	9	5	0	0.501	0.002	0
2004	1	9	6	0	0.453	0.004	0
2004	1	9	7	0	0.43	0.002	0
2004	1	9	8	0	0.355	0.007	0
2004	1	9	9	0	0.278	0.005	0
2004	1	9	10	0	0.184	0.003	0
2004	1	9	11	0	0.122	0.002	0
2004	1	9	12	0	0.087	0.003	0
2004	1	9	13	0	0.055	0.007	0
2004	1	9	14	0	0.018	0.007	0
2004	1	9	15	0	-0.029	0.007	0
2004	1	9	16	0	-0.086	0.013	0
2004	1	9	17	0	-0.047	0.005	0
2004	1	9	18	0	0.026	0.002	0
2004	1	9	19	0	0.071	0.003	0
2004	1	9	20	0	0.113	0.002	0
2004	1	9	21	0	0.171	0.004	0
2004	1	9	22	0	0.212	0.004	0
2004	1	9	23	0	0.262	0.003	0
2004	1	10	0	0	0.297	0.004	0
2004	1	10	1	0	0.331	0.004	0
2004	1	10	2	0	0.37	0.003	0
2004	1	10	3	0	0.397	0.002	0
2004	1	10	4	0	0.402	0.004	0
2004	1	10	5	0	0.392	0.003	0
2004	1	10	6	0	0.348	0.002	0
2004	1	10	7	0	0.309	0.004	0
2004	1	10	8	0	0.248	0.004	0
2004	1	10	9	0	0.186	0.003	0
2004	1	10	10	0	0.092	0.003	0
2004	1	10	11	0	0.002	0.003	0
2004	1	10	12	0	-0.052	0.002	0
2004	1	10	13	0	-0.104	0.002	0
2004	1	10	14	0	-0.123	0.005	0
2004	1	10	15	0	-0.168	0.003	0
2004	1	10	16	0	-0.163	0.006	0
2004	1	10	17	0	-0.167	0.004	0
2004	1	10	18	0	-0.105	0.006	0
2004	1	10	19	0	-0.043	0.003	0
2004	1	10	20	0	0.017	0.002	0
2004	1	10	21	0	0.069	0.003	0
2004	1	10	22	0	0.121	0.004	0
2004	1	10	23	0	0.169	0.005	0
2004	1	11	0	0	0.221	0.005	0
2004	1	11	1	0	0.274	0.007	0
2004	1	11	2	0	0.317	0.003	0
2004	1	11	3	0	0.359	0.003	0
2004	1	11	4	0	0.383	0.003	0
2004	1	11	5	0	0.389	0.005	0
2004	1	11	6	0	0.378	0.004	0
2004	1	11	7	0	0.358	0.002	0
2004	1	11	8	0	0.327	0.002	0
2004	1	11	9	0	0.268	0.005	0
2004	1	11	10	0	0.204	0.001	0
2004	1	11	11	0	0.115	0.001	0
2004	1	11	12	0	0.048	0.001	0
2004	1	11	13	0	0.001	0.001	0
2004	1	11	14	0	-0.047	0.008	0
2004	1	11	15	0	-0.082	0.002	0
2004	1	11	16	0	-0.093	0.003	0
2004	1	11	17	0	-0.098	0.002	0
2004	1	11	18	0	-0.086	0.003	0
2004	1	11	19	0	-0.057	0.004	0
2004	1	11	20	0	-0.011	0.003	0
2004	1	11	21	0	0.033	0.001	0
2004	1	11	22	0	0.064	0.003	0
2004	1	11	23	0	0.107	0.003	0
2004	1	12	0	0	0.146	0.002	0
2004	1	12	1	0	0.183	0.003	0
2004	1	12	2	0	0.199	0.005	0
2004	1	12	3	0	0.236	0.002	0
2004	1	12	4	0	0.249	0.004	0
2004	1	12	5	0	0.247	0.004	0
2004	1	12	6	0	0.248	0.003	0
2004	1	12	7	0	0.248	0.002	0
2004	1	12	8	0	0.218	0.002	0
2004	1	12	9	0	0.181	0.003	0
2004	1	12	10	0	0.153	0	0
2004	1	12	11	0	0.089	0	0
2004	1	12	12	0	0.044	0	0
2004	1	12	13	0	0.005	0.006	0
2004	1	12	14	0	-0.022	0.005	0
2004	1	12	15	0	-0.036	0.002	0
2004	1	12	16	0	-0.051	0.003	0
2004	1	12	17	0	-0.029	0.007	0
2004	1	12	18	0	-0.017	0.005	0
2004	1	12	19	0	-0.003	0.003	0
2004	1	12	20	0	0.034	0.003	0
2004	1	12	21	0	0.061	0.002	0
2004	1	12	22	0	0.097	0.003	0
2004	1	12	23	0	0.131	0.001	0
2004	1	13	0	0	0.148	0.004	0
2004	1	13	1	0	0.176	0.003	0
2004	1	13	2	0	0.192	0.003	0
2004	1	13	3	0	0.214	0.002	0
2004	1	13	4	0	0.214	0.005	0
2004	1	13	5	0	0.207	0.002	0
2004	1	13	6	0	0.217	0.001	0
2004	1	13	7	0	0.214	0.011	0
2004	1	13	8	0	0.21	0.006	0
2004	1	13	9	0	0.185	0.004	0
2004	1	13	10	0	0.14	0.008	0
2004	1	13	11	0	0.112	0.003	0
2004	1	13	12	0	0.099	0.002	0
2004	1	13	13	0	0.06	0.002	0
2004	1	13	14	0	0.038	0.003	0
2004	1	13	15	0	0.022	0.004	0
2004	1	13	16	0	0.019	0.003	0
2004	1	13	17	0	0.025	0.005	0
2004	1	13	18	0	0.039	0.003	0
2004	1	13	19	0	0.069	0.002	0
2004	1	13	20	0	0.107	0.002	0
2004	1	13	21	0	0.141	0.003	0
2004	1	13	22	0	0.162	0.003	0
2004	1	13	23	0	0.197	0.003	0
2004	1	14	0	0	0.223	0.001	0
2004	1	14	1	0	0.222	0.001	0
2004	1	14	2	0	0.216	0.006	0
2004	1	14	3	0	0.23	0.002	0
2004	1	14	4	0	0.227	0.002	0
2004	1	14	5	0	0.215	0.003	0
2004	1	14	6	0	0.192	0.005	0
2004	1	14	7	0	0.187	0.003	0
2004	1	14	8	0	0.174	0.005	0
2004	1	14	9	0	0.174	0.001	0
2004	1	14	10	0	0.17	0.005	0
2004	1	14	11	0	0.163	0.006	0
2004	1	14	12	0	0.156	0.002	0
2004	1	14	13	0	0.14	0.004	0
2004	1	14	14	0	0.132	0.004	0
2004	1	14	15	0	0.125	0.003	0
2004	1	14	16	0	0.137	0.005	0
2004	1	14	17	0	0.148	0.003	0
2004	1	14	18	0	0.159	0.003	0
2004	1	14	19	0	0.178	0.004	0
2004	1	14	20	0	0.2	0.003	0
2004	1	14	21	0	0.232	0.005	0
2004	1	14	22	0	0.254	0.003	0
2004	1	14	23	0	0.256	0.004	0
2004	1	15	0	0	0.255	0.003	0
2004	1	15	1	0	0.255	0.002	0
2004	1	15	2	0	0.243	0.004	0
2004	1	15	3	0	0.21	0.002	0
2004	1	15	4	0	0.192	0.004	0
2004	1	15	5	0	0.164	0.009	0
2004	1	15	6	0	0.148	0.003	0
2004	1	15	7	0	0.128	0.009	0
2004	1	15	8	0	0.126	0.005	0
2004	1	15	9	0	0.106	0.008	0
2004	1	15	10	0	0.099	0.002	0
2004	1	15	11	0	0.113	0.004	0
2004	1	15	12	0	0.108	0.003	0
2004	1	15	13	0	0.123	0.003	0
2004	1	15	14	0	0.146	0.006	0
2004	1	15	15	0	0.148	0.004	0
2004	1	15	16	0	0.169	0.006	0
2004	1	15	17	0	0.18	0.007	0
2004	1	15	18	0	0.189	0.002	0
2004	1	15	19	0	0.199	0.003	0
2004	1	15	20	0	0.232	0.005	0
2004	1	15	21	0	0.247	0.006	0
2004	1	15	22	0	0.239	0.006	0
2004	1	15	23	0	0.239	0.007	0
2004	1	16	0	0	0.245	0.003	0
2004	1	16	1	0	0.215	0.005	0
2004	1	16	2	0	0.197	0.002	0
2004	1	16	3	0	0.152	0.007	0
2004	1	16	4	0	0.094	0.02	0
2004	1	16	5	0	0.045	0.005	0
2004	1	16	6	0	0.026	0.003	0
2004	1	16	7	0	0.002	0.008	0
2004	1	16	8	0	-0.034	0.003	0
2004	1	16	9	0	-0.034	0.002	0
2004	1	16	10	0	-0.038	0.008	0
2004	1	16	11	0	-0.004	0.011	0
2004	1	16	12	0	0.043	0.002	0
2004	1	16	13	0	0.082	0.003	0
2004	1	16	14	0	0.124	0.004	0
2004	1	16	15	0	0.174	0.002	0
2004	1	16	16	0	0.219	0.003	0
2004	1	16	17	0	0.244	0.004	0
2004	1	16	18	0	0.288	0.004	0
2004	1	16	19	0	0.331	0.003	0
2004	1	16	20	0	0.366	0.004	0
2004	1	16	21	0	0.387	0.002	0
2004	1	16	22	0	0.385	0.003	0
2004	1	16	23	0	0.394	0.003	0
2004	1	17	0	0	0.418	0.004	0
2004	1	17	1	0	0.415	0.004	0
2004	1	17	2	0	0.378	0.004	0
2004	1	17	3	0	0.334	0.002	0
2004	1	17	4	0	0.266	0.005	0
2004	1	17	5	0	0.194	0.001	0
2004	1	17	6	0	0.148	0.002	0
2004	1	17	7	0	0.123	0.004	0
2004	1	17	8	0	0.101	0.003	0
2004	1	17	9	0	0.053	0.004	0
2004	1	17	10	0	0.047	0.003	0
2004	1	17	11	0	0.039	0.002	0
2004	1	17	12	0	0.086	0.002	0
2004	1	17	13	0	0.136	0.005	0
2004	1	17	14	0	0.201	0.009	0
2004	1	17	15	0	0.259	0.009	0
2004	1	17	16	0	0.412	0.006	0
2004	1	17	17	0	0.363	0.018	0
2004	1	17	18	0	0.355	0.012	0
2004	1	17	19	0	0.462	0.011	0
2004	1	17	20	0	0.547	0.008	0
2004	1	17	21	0	0.577	0.005	0
2004	1	17	22	0	0.615	0.006	0
2004	1	17	23	0	0.507	0.004	0
2004	1	18	0	0	0.524	0.01	0
2004	1	18	1	0	0.516	0.006	0
2004	1	18	2	0	0.55	0.01	0
2004	1	18	3	0	0.498	0.017	0
2004	1	18	4	0	0.43	0.013	0
2004	1	18	5	0	0.346	0.013	0
2004	1	18	6	0	0.284	0.007	0
2004	1	18	7	0	0.21	0.005	0
2004	1	18	8	0	0.155	0.005	0
2004	1	18	9	0	0.097	0.004	0
2004	1	18	10	0	0.052	0.01	0
2004	1	18	11	0	0.044	0.014	0
2004	1	18	12	0	0.044	0.003	0
2004	1	18	13	0	0.084	0.006	0
2004	1	18	14	0	0.135	0.003	0
2004	1	18	15	0	0.202	0.005	0
2004	1	18	16	0	0.274	0.003	0
2004	1	18	17	0	0.319	0.004	0
2004	1	18	18	0	0.389	0.006	0
2004	1	18	19	0	0.416	0.004	0
2004	1	18	20	0	0.461	0.003	0
2004	1	18	21	0	0.481	0.003	0
2004	1	18	22	0	0.503	0.004	0
2004	1	18	23	0	0.527	0.003	0
2004	1	19	0	0	0.516	0.003	0
2004	1	19	1	0	0.506	0.005	0
2004	1	19	2	0	0.479	0.005	0
2004	1	19	3	0	0.428	0.007	0
2004	1	19	4	0	0.323	0.005	0
2004	1	19	5	0	0.259	0.006	0
2004	1	19	6	0	0.145	0.016	0
2004	1	19	7	0	0.036	0.012	0
2004	1	19	8	0	-0.005	0.005	0
2004	1	19	9	0	-0.149	0.004	0
2004	1	19	10	0	-0.159	0.004	0
2004	1	19	11	0	-0.233	0.003	0
2004	1	19	12	0	-0.256	0.008	0
2004	1	19	13	0	-0.283	0.003	0
2004	1	19	14	0	-0.212	0.005	0
2004	1	19	15	0	-0.123	0.004	0
2004	1	19	16	0	-0.058	0.002	0
2004	1	19	17	0	0.023	0.008	0
2004	1	19	18	0	0.1	0.003	0
2004	1	19	19	0	0.17	0.006	0
2004	1	19	20	0	0.258	0.003	0
2004	1	19	21	0	0.304	0.003	0
2004	1	19	22	0	0.368	0.007	0
2004	1	19	23	0	0.395	0.003	0
2004	1	20	0	0	0.409	0.004	0
2004	1	20	1	0	0.419	0.006	0
2004	1	20	2	0	0.394	0.003	0
2004	1	20	3	0	0.359	0.005	0
2004	1	20	4	0	0.294	0.002	0
2004	1	20	5	0	0.217	0.005	0
2004	1	20	6	0	0.132	0.003	0
2004	1	20	7	0	0.021	0.004	0
2004	1	20	8	0	-0.093	0.003	0
2004	1	20	9	0	-0.159	0.005	0
2004	1	20	10	0	-0.22	0.003	0
2004	1	20	11	0	-0.259	0.003	0
2004	1	20	12	0	-0.281	0.006	0
2004	1	20	13	0	-0.289	0.004	0
2004	1	20	14	0	-0.261	0.005	0
2004	1	20	15	0	-0.175	0.01	0
2004	1	20	16	0	-0.113	0.002	0
2004	1	20	17	0	-0.043	0.004	0
2004	1	20	18	0	0.048	0.007	0
2004	1	20	19	0	0.118	0.006	0
2004	1	20	20	0	0.192	0.002	0
2004	1	20	21	0	0.255	0.003	0
2004	1	20	22	0	0.318	0.004	0
2004	1	20	23	0	0.373	0.003	0
2004	1	21	0	0	0.403	0.001	0
2004	1	21	1	0	0.438	0.005	0
2004	1	21	2	0	0.436	0.001	0
2004	1	21	3	0	0.427	0.002	0
2004	1	21	4	0	0.394	0.001	0
2004	1	21	5	0	0.33	0.001	0
2004	1	21	6	0	0.254	0.004	0
2004	1	21	7	0	0.14	0.002	0
2004	1	21	8	0	0.035	0.004	0
2004	1	21	9	0	-0.078	0.008	0
2004	1	21	10	0	-0.17	0.009	0
2004	1	21	11	0	-0.252	0.004	0
2004	1	21	12	0	-0.273	0.002	0
2004	1	21	13	0	-0.293	0.009	0
2004	1	21	14	0	-0.299	0.008	0
2004	1	21	15	0	-0.276	0.004	0
2004	1	21	16	0	-0.221	0.002	0
2004	1	21	17	0	-0.128	0.002	0
2004	1	21	18	0	-0.059	0.005	0
2004	1	21	19	0	0.006	0.006	0
2004	1	21	20	0	0.086	0.002	0
2004	1	21	21	0	0.157	0.002	0
2004	1	21	22	0	0.225	0.003	0
2004	1	21	23	0	0.296	0.004	0
2004	1	22	0	0	0.338	0.004	0
2004	1	22	1	0	0.379	0.004	0
2004	1	22	2	0	0.395	0.003	0
2004	1	22	3	0	0.398	0.006	0
2004	1	22	4	0	0.4	0.005	0
2004	1	22	5	0	0.363	0.003	0
2004	1	22	6	0	0.3	0.003	0
2004	1	22	7	0	0.222	0.009	0
2004	1	22	8	0	0.11	0.004	0
2004	1	22	9	0	0.003	0.002	0
2004	1	22	10	0	-0.081	0.003	0
2004	1	22	11	0	-0.172	0.003	0
2004	1	22	12	0	-0.256	0.007	0
2004	1	22	13	0	-0.301	0.004	0
2004	1	22	14	0	-0.326	0.006	0
2004	1	22	15	0	-0.336	0.004	0
2004	1	22	16	0	-0.291	0.008	0
2004	1	22	17	0	-0.236	0.004	0
2004	1	22	18	0	-0.163	0.002	0
2004	1	22	19	0	-0.082	0.01	0
2004	1	22	20	0	-0.012	0.002	0
2004	1	22	21	0	0.065	0.002	0
2004	1	22	22	0	0.125	0.002	0
2004	1	22	23	0	0.195	0.005	0
2004	1	23	0	0	0.26	0.002	0
2004	1	23	1	0	0.323	0.007	0
2004	1	23	2	0	0.37	0.003	0
2004	1	23	3	0	0.397	0.003	0
2004	1	23	4	0	0.403	0.004	0
2004	1	23	5	0	0.396	0.003	0
2004	1	23	6	0	0.365	0.004	0
2004	1	23	7	0	0.301	0.004	0
2004	1	23	8	0	0.237	0.001	0
2004	1	23	9	0	0.132	0.006	0
2004	1	23	10	0	0.043	0.007	0
2004	1	23	11	0	-0.049	0.002	0
2004	1	23	12	0	-0.096	0.002	0
2004	1	23	13	0	-0.147	0.002	0
2004	1	23	14	0	-0.202	0.003	0
2004	1	23	15	0	-0.228	0.003	0
2004	1	23	16	0	-0.208	0.005	0
2004	1	23	17	0	-0.164	0.003	0
2004	1	23	18	0	-0.093	0.002	0
2004	1	23	19	0	-0.022	0.004	0
2004	1	23	20	0	0.006	0.001	0
2004	1	23	21	0	0.073	0.002	0
2004	1	23	22	0	0.14	0.005	0
2004	1	23	23	0	0.174	0.006	0
2004	1	24	0	0	0.239	0.004	0
2004	1	24	1	0	0.261	0.004	0
2004	1	24	2	0	0.305	0.002	0
2004	1	24	3	0	0.327	0.003	0
2004	1	24	4	0	0.345	0.001	0
2004	1	24	5	0	0.357	0.004	0
2004	1	24	6	0	0.35	0.001	0
2004	1	24	7	0	0.314	0.003	0
2004	1	24	8	0	0.262	0.002	0
2004	1	24	9	0	0.206	0.001	0
2004	1	24	10	0	0.122	0.008	0
2004	1	24	11	0	0.058	0.002	0
2004	1	24	12	0	-0.003	0.003	0
2004	1	24	13	0	-0.038	0.005	0
2004	1	24	14	0	-0.064	0.003	0
2004	1	24	15	0	-0.093	0.002	0
2004	1	24	16	0	-0.08	0.004	0
2004	1	24	17	0	-0.087	0.002	0
2004	1	24	18	0	-0.032	0.003	0
2004	1	24	19	0	-0.005	0.002	0
2004	1	24	20	0	0.048	0.006	0
2004	1	24	21	0	0.107	0.005	0
2004	1	24	22	0	0.146	0.007	0
2004	1	24	23	0	0.176	0.004	0
2004	1	25	0	0	0.235	0.003	0
2004	1	25	1	0	0.272	0.005	0
2004	1	25	2	0	0.337	0.002	0
2004	1	25	3	0	0.362	0.003	0
2004	1	25	4	0	0.388	0.005	0
2004	1	25	5	0	0.416	0.004	0
2004	1	25	6	0	0.403	0.006	0
2004	1	25	7	0	0.395	0.004	0
2004	1	25	8	0	0.425	0.002	0
2004	1	25	9	0	0.412	0.005	0
2004	1	25	10	0	0.367	0.009	0
2004	1	25	11	0	0.305	0.005	0
2004	1	25	12	0	0.29	0.005	0
2004	1	25	13	0	0.197	0.003	0
2004	1	25	14	0	0.144	0.004	0
2004	1	25	15	0	0.112	0.009	0
2004	1	25	16	0	0.133	0.006	0
2004	1	25	17	0	0.163	0.008	0
2004	1	25	18	0	0.189	0.01	0
2004	1	25	19	0	0.225	0.009	0
2004	1	25	20	0	0.186	0.003	0
2004	1	25	21	0	0.209	0.009	0
2004	1	25	22	0	0.224	0.012	0
2004	1	25	23	0	0.275	0.005	0
2004	1	26	0	0	0.261	0.005	0
2004	1	26	1	0	0.286	0.013	0
2004	1	26	2	0	0.302	0.007	0
2004	1	26	3	0	0.323	0.006	0
2004	1	26	4	0	0.332	0.007	0
2004	1	26	5	0	0.339	0.004	0
2004	1	26	6	0	0.346	0.003	0
2004	1	26	7	0	0.333	0.004	0
2004	1	26	8	0	0.316	0.006	0
2004	1	26	9	0	0.303	0.006	0
2004	1	26	10	0	0.296	0.008	0
2004	1	26	11	0	0.296	0.003	0
2004	1	26	12	0	0.257	0.005	0
2004	1	26	13	0	0.223	0.007	0
2004	1	26	14	0	0.237	0.002	0
2004	1	26	15	0	0.218	0.006	0
2004	1	26	16	0	0.238	0.008	0
2004	1	26	17	0	0.227	0.012	0
2004	1	26	18	0	0.178	0.008	0
2004	1	26	19	0	0.229	0.007	0
2004	1	26	20	0	0.231	0.008	0
2004	1	26	21	0	0.269	0.008	0
2004	1	26	22	0	0.269	0.003	0
2004	1	26	23	0	0.287	0.003	0
2004	1	27	0	0	0.302	0.006	0
2004	1	27	1	0	0.305	0.008	0
2004	1	27	2	0	0.279	0.01	0
2004	1	27	3	0	0.273	0.004	0
2004	1	27	4	0	0.275	0.005	0
2004	1	27	5	0	0.243	0.004	0
2004	1	27	6	0	0.259	0.01	0
2004	1	27	7	0	0.261	0.007	0
2004	1	27	8	0	0.175	0.004	0
2004	1	27	9	0	0.111	0.004	0
2004	1	27	10	0	0.129	0.006	0
2004	1	27	11	0	0.114	0.003	0
2004	1	27	12	0	0.142	0.005	0
2004	1	27	13	0	0.092	0.008	0
2004	1	27	14	0	-0.008	0.007	0
2004	1	27	15	0	0.033	0.006	0
2004	1	27	16	0	0.074	0.005	0
2004	1	27	17	0	0.072	0.003	0
2004	1	27	18	0	0.054	0.006	0
2004	1	27	19	0	0.068	0.004	0
2004	1	27	20	0	0.103	0.01	0
2004	1	27	21	0	0.133	0.003	0
2004	1	27	22	0	0.114	0.007	0
2004	1	27	23	0	0.094	0.005	0
2004	1	28	0	0	0.096	0.007	0
2004	1	28	1	0	0.075	0.004	0
2004	1	28	2	0	0.045	0.004	0
2004	1	28	3	0	0.003	0.006	0
2004	1	28	4	0	-0.018	0.003	0
2004	1	28	5	0	-0.045	0.003	0
2004	1	28	6	0	-0.059	0.003	0
2004	1	28	7	0	-0.066	0.004	0
2004	1	28	8	0	-0.05	0.002	0
2004	1	28	9	0	-0.031	0.001	0
2004	1	28	10	0	-0.014	0.003	0
2004	1	28	11	0	-0.01	0.005	0
2004	1	28	12	0	-0.005	0.003	0
2004	1	28	13	0	0.015	0.002	0
2004	1	28	14	0	0.036	0.005	0
2004	1	28	15	0	0.04	0.003	0
2004	1	28	16	0	0.078	0.002	0
2004	1	28	17	0	0.098	0.004	0
2004	1	28	18	0	0.124	0.002	0
2004	1	28	19	0	0.143	0.005	0
2004	1	28	20	0	0.156	0.002	0
2004	1	28	21	0	0.159	0.002	0
2004	1	28	22	0	0.157	0.002	0
2004	1	28	23	0	0.134	0.002	0
2004	1	29	0	0	0.12	0.003	0
2004	1	29	1	0	0.111	0.007	0
2004	1	29	2	0	0.075	0.001	0
2004	1	29	3	0	0.029	0.004	0
2004	1	29	4	0	0.0	0.002	0
2004	1	29	5	0	-0.035	0.003	0
2004	1	29	6	0	-0.072	0.002	0
2004	1	29	7	0	-0.08	0.01	0
2004	1	29	8	0	-0.098	0.002	0
2004	1	29	9	0	-0.102	0.003	0
2004	1	29	10	0	-0.106	0.002	0
2004	1	29	11	0	-0.087	0.006	0
2004	1	29	12	0	-0.062	0.008	0
2004	1	29	13	0	-0.029	0.005	0
2004	1	29	14	0	0.005	0.005	0
2004	1	29	15	0	0.047	0.004	0
2004	1	29	16	0	0.088	0.004	0
2004	1	29	17	0	0.124	0.008	0
2004	1	29	18	0	0.162	0.003	0
2004	1	29	19	0	0.181	0.002	0
2004	1	29	20	0	0.191	0.006	0
2004	1	29	21	0	0.218	0.005	0
2004	1	29	22	0	0.217	0.004	0
2004	1	29	23	0	0.226	0.005	0
2004	1	30	0	0	0.222	0.002	0
2004	1	30	1	0	0.228	0.004	0
2004	1	30	2	0	0.213	0.005	0
2004	1	30	3	0	0.187	0.006	0
2004	1	30	4	0	0.125	0.002	0
2004	1	30	5	0	0.097	0.004	0
2004	1	30	6	0	0.054	0.005	0
2004	1	30	7	0	0.037	0.004	0
2004	1	30	8	0	0.012	0.003	0
2004	1	30	9	0	-0.021	0.001	0
2004	1	30	10	0	-0.026	0.003	0
2004	1	30	11	0	-0.003	0.001	0
2004	1	30	12	0	0.014	0.005	0
2004	1	30	13	0	0.045	0.001	0
2004	1	30	14	0	0.095	0.005	0
2004	1	30	15	0	0.12	0.004	0
2004	1	30	16	0	0.1	0.009	0
2004	1	30	17	0	0.09	0.007	0
2004	1	30	18	0	0.19	0.005	0
2004	1	30	19	0	0.217	0.013	1
2004	1	30	20	0	0.411	0.014	1
2004	1	30	21	0	0.377	0.012	1
2004	1	30	22	0	0.343	0.025	1
2004	1	30	23	0	0.317	0.018	1
2004	1	31	0	0	0.277	0.02	1
2004	1	31	1	0	0.261	0.016	1
2004	1	31	2	0	0.237	0.01	1
2004	1	31	3	0	0.192	0.023	1
2004	1	31	4	0	0.165	0.019	1
2004	1	31	5	0	0.126	0.015	1
2004	1	31	6	0	0.087	0.012	1
2004	1	31	7	0	0.053	0.009	1
2004	1	31	8	0	0.036	0.008	1
2004	1	31	9	0	0.025	0.0	1
2004	1	31	10	0	0.007	0.012	1
2004	1	31	11	0	0.025	0.01	1
2004	1	31	12	0	0.044	0.007	1
2004	1	31	13	0	0.073	0.008	1
2004	1	31	14	0	0.106	0.009	1
2004	1	31	15	0	0.162	0.015	1
2004	1	31	16	0	0.21	0.011	1
2004	1	31	17	0	0.254	0.008	1
2004	1	31	18	0	0.306	0.009	1
2004	1	31	19	0	0.353	0.011	1
2004	1	31	20	0	0.4	0.013	1
2004	1	31	21	0	0.447	0.012	1
2004	1	31	22	0	0.464	0.017	1
2004	1	31	23	0	0.484	0.018	1
