-5.632358895	52.11663791
-9.240102812	51.47532103
-8.504696727	51.62101907
-7.70434963	55.35628689
-9.899755136	51.37928368
-5.677482524	50.02701811
-9.520320007	51.41718531
-4.941981069	50.19556212
-4.981161239	50.1495788
-9.906825291	54.32370492
-9.233691841	51.45111717
-4.698219281	51.64794995
-7.583635311	52.06629367
-1.336159642	60.06570988
-4.815606557	55.64864156
1.752520281	52.46731867
-3.067169995	53.81756437
-10.21588192	52.26733675
0.323057008	51.46440073
-8.832196065	54.99985372
-5.317499	49.669167
-9.97654058	52.09090445
-5.689272539	57.70894513
-9.394669205	51.44571677
-6.696298652	52.08768308
-8.520683499	51.62993808
-6.250199	49.5836
-9.965068358	53.6074206
-3.768537968	54.7379045
-9.520320007	51.41718531
-10.24805027	52.12109733
-0.164501022	51.47844543
-8.499701077	51.69205162
-4.49324647	51.68036531
-9.520320007	51.41718531
-7.52008566	52.00852775
-6.958542206	57.73748682
-9.233691841	51.45111717
-4.703110429	53.31434923
-5.401450939	50.23159118
-9.520320007	51.41718531
-5.575965289	50.05178949
-6.932707672	52.20870635
-6.092084733	55.64414582
-9.489977727	51.67737245
-10.15493852	52.30981601
-4.997287254	50.54051412
-7.098154101	57.60595025
-7.206892421	57.7211966
-9.517564833	51.42081691
-6.522611868	56.62578361
-6.065601919	53.19988792
-8.218920181	57.52047187
-10.074999	51.175
-4.556931483	51.6807944
-7.926692244	51.85847977
-3.747284946	51.50677365
-6.128775457	52.77936155
-10.31410917	52.24028074
-9.857186787	54.41613749
-1.133534105	50.64962769
-6.497384866	57.0566931
-9.520320007	51.41718531
-2.883505005	50.50199589
-10.33243468	53.50015618
-7.482349374	51.36297803
-5.547603946	56.16288658
-4.889569494	60.15889541
-4.226349683	51.10380687
-2.199999	49.266667
-5.556624998	55.09767555
-4.802088185	50.19992279
-10.51069794	52.16883613
-4.494130639	52.29912072
-5.089223653	50.08827197
-9.520320007	51.41718531
-6.631688785	55.23039521
-9.520320007	51.41718531
-5.677482524	50.02701811
-9.520320007	51.41718531
-8.572643011	51.62699953
-9.220195643	51.43058266
1.754065729	52.46816917
-3.54822502	50.3007644
-6.008189208	52.85559671
-9.233691841	51.45111717
-8.282184598	51.83299665
-4.182841441	52.50132967
-9.520320007	51.41718531
-0.133878722	50.8142001
-1.701257476	60.22149348
-7.989122023	51.81985199
-10.940999	51.603
-10.074999	51.175
-5.201153713	58.2471997
-10.22391093	53.95969214
-7.103318859	52.16428655
-8.596560376	55.12880586
-7.423524377	57.53926582
-9.520320007	51.41718531
-9.346064162	51.45617346
-5.046088783	50.0696195
-7.765607567	51.28837779
-3.616422207	54.27169499
-10.33283567	53.99986661
-6.017954023	53.25932292
-5.615225959	50.0163797
-8.331749484	51.86522561
-4.70035942	51.63530831
-10.04181292	52.305534
-9.233691841	51.45111717
-3.218928144	50.43870381
-7.986232185	51.78389787
-5.611231217	57.93686821
-4.384446533	54.66981575
-9.520320007	51.41718531
-6.046923888	56.63319396
-4.847484399	54.63643401
-4.151388	49.851667
-5.93696954	55.22781336
-7.630166127	55.36416982
-4.067847404	50.30077655
-7.832058141	51.93298581
-6.595916993	52.17102306
-8.30433222	51.6747428
-4.774521369	51.64257291
-4.495657205	53.20736829
-4.143923907	52.82127136
-0.801998732	50.72493995
-9.381617759	51.48992012
-4.267036747	51.03016806
-10.2197075	54.10985552
-6.545357173	57.3536165
-3.732597033	56.0686596
-4.412717761	50.62066867
-9.5838317	53.10979855
-5.521627799	50.09214301
-9.520320007	51.41718531
-8.185961322	51.7190341
-3.423783742	53.85071942
-4.60260132	54.75792803
-2.751266157	50.69989391
-6.253015423	58.58520464
-9.520320007	51.41718531
-9.703394957	53.14949015
-2.588332	49.487778
-8.049198408	54.97573873
-4.213582447	54.4941575
-9.233691841	51.45111717
-5.291082659	53.8005226
-6.207162869	52.204407
-7.364304638	52.10666032
-6.250199	49.5836
-9.233691841	51.45111717
-10.1369166	52.27059072
-5.616508038	50.03343573
-9.111017998	51.55392288
-9.7739917	51.43339774
-9.841768195	52.60814557
-8.488575924	54.62978038
-5.150187284	50.33494812
-8.005076793	51.82344775
-6.457773038	55.78251747
3.938611	53.423889
1.745713959	52.61236902
-9.233691841	51.45111717
-12.059999	51.16
-9.84983163	52.69430847
-6.097791746	53.21658419
-7.088198507	52.11743191
-10.85460732	52.35610502
-10.38506432	52.22538313
-5.905413711	49.92687643
-9.520320007	51.41718531
-4.716182631	50.26673772
-4.346019834	51.01241771
-4.203636273	51.52606727
-6.983937211	56.51004127
-9.332072107	51.46981755
-5.338061324	50.06698103
-9.233691841	51.45111717
-9.302910219	51.45666099
-4.562908113	50.78207776
-6.048830332	49.84186112
-10.10315759	51.58528228
-6.316255764	50.00048225
-5.083215877	50.01645563
-8.930127549	53.20027791
-8.523334191	51.60925201
-5.681162446	50.03859871
-10.31462341	52.25015922
-0.131599667	52.79985333
-4.482766968	51.70037456
-5.665352429	50.03280117
-8.149758473	51.71189494
-1.214445123	60.57421355
-1.682920718	60.25108438
-10.43899775	52.72679485
-7.466398501	56.78492776
-9.586804687	51.38573853
-8.52521356	51.64699661
-7.059999	49.32
-9.520320007	51.41718531
-10.05886253	51.595058
-6.334220518	49.9674138
-9.48279736	51.45722067
-9.549204104	54.338712
-6.349030338	55.88087303
-2.433514438	59.35091065
-9.520320007	51.41718531
-10.16566134	53.33342487
-4.862674788	56.09615737
-9.799767273	53.16604766
-4.830960884	54.03977166
-4.567739923	50.7666792
-14.033332	51.666667
-0.771708879	60.74778933
-8.285877287	51.72872097
-10.25616926	52.10835664
-7.668888	50.150556
-7.478867015	52.04610306
-9.359777853	54.33021288
-2.628820757	56.16188634
-9.228541628	51.47364485
-9.233691841	51.45111717
-0.830326643	60.64953202
-8.17318764	51.78466997
-8.733472925	51.56947473
-5.021964818	50.13052968
-6.417401828	56.68893918
-9.520320007	51.41718531
-10.92006575	53.23193621
-5.831035229	52.50642209
-6.801038831	52.20834084
-9.54131633	51.52838315
-9.198428211	53.16103502
-5.683277054	50.08442132
-10.19039646	51.8084394
-7.85690253	51.89347014
-9.920567675	53.39244685
-9.224585461	51.48717034
-8.576936453	57.46351015
-2.966578882	53.93527782
-9.302910219	51.45666099
-6.183841705	52.2022525
-8.848770504	51.56420299
-6.620720334	55.22937329
-4.007684188	51.56196285
-10.24924408	51.99971298
-5.316891423	49.98301284
-9.623007013	53.27733433
-1.642320284	55.57438494
-4.883949171	56.10105593
-9.520320007	51.41718531
-6.851900821	51.4336976
-10.39617107	52.24133961
-7.161950459	52.07753208
-9.233691841	51.45111717
-8.156946493	51.69840264
-4.195304698	54.64282625
-3.511349611	50.33363139
-9.520320007	51.41718531
-9.233691841	51.45111717
-1.640774031	50.73054111
-4.134566825	50.31666162
-0.871697135	60.14518659
-2.434382757	50.58278609
-4.640021843	50.31077552
-9.520320007	51.41718531
-9.118918265	51.52328438
-9.520320007	51.41718531
-9.233691841	51.45111717
-5.21046027	49.95631877
-6.417906665	57.34556973
-4.502068234	51.26193487
-9.195767348	54.29421161
-9.233691841	51.45111717
-3.681510212	54.54947435
-9.43719148	51.47127303
-4.794334133	54.06310883
-4.408399691	50.64684469
-8.855400058	54.69423002
-8.768565839	54.28421296
-2.54630208	56.2476418
-5.73927102	55.42968766
-9.233691841	51.45111717
-6.704582307	52.10395383
-8.260293013	51.81057601
-5.049140701	52.04952741
-10.3126463	52.24030942
-9.520320007	51.41718531
-5.2436626	58.15264119
-7.132843781	52.1492274
-10.41679539	52.2166465
-8.318458946	55.25112575
-8.459033047	51.67513902
-4.049954423	52.49561405
-9.233691841	51.45111717
-6.317526813	49.92124105
1.627414246	52.21754497
-8.998966536	54.34991268
-4.21228149	52.88116382
-8.531700144	54.84881202
-6.665169091	55.21639141
-5.699532952	50.07760513
-10.08607215	53.97654464
-8.599454445	51.5792247
-9.084089039	53.19268582
-7.999215337	55.16709786
-0.468471044	50.78489497
-6.361158731	55.76080119
-10.22679493	53.6702426
-2.379166	49.439444
-10.36403624	52.24288682
-7.551786104	52.0428077
-9.148623315	54.25603308
-4.457544682	50.34086616
-10.074999	51.175
-8.965500716	51.55970502
-3.633856163	50.21773695
-10.05120557	52.38177843
-10.7206778	51.24350381
-4.405275597	50.36354941
-10.3037359	52.29442111
-9.435400108	52.86812198
-9.520320007	51.41718531
-9.520320007	51.41718531
-9.233691841	51.45111717
-6.168995932	57.40983624
-10.3326057	52.25789578
-9.520320007	51.41718531
-6.000874088	51.48371477
-8.810464072	55.00718757
-5.027718469	50.53072976
-7.231841938	57.71926564
-9.520320007	51.41718531
-9.35104521	54.48575701
-10.2009578	53.4064802
-4.37517688	54.19080102
-4.889325471	50.15909896
-5.92852765	53.3108307
-10.074999	51.175
-8.411867827	55.15921551
-7.139999	49.33
-5.444450094	54.5453741
-4.218609711	51.53747711
-6.960093239	55.29562376
-4.922184491	53.98992862
-8.197421203	51.69204956
-4.347098494	51.6240175
-10.33477694	52.27133727
-10.24805027	52.12109733
-5.58096703	54.17072182
-9.968965584	51.61907575
-8.547341165	57.81008779
-4.119070065	54.78622153
-6.169210824	52.3800058
-9.520320007	51.41718531
-6.382468399	56.3177691
-8.010880142	51.82884041
-5.063007242	58.46360751
-9.520320007	51.41718531
-8.604390652	51.62504264
-9.165955186	51.5030498
-2.047030865	57.08801667
-9.100362633	51.5306513
-9.233691841	51.45111717
-4.642896828	52.13669342
-4.795894272	50.16588557
-6.918147609	50.51830907
-4.317860991	51.67406542
-10.30573561	51.59586062
-8.546232982	55.11736314
-4.294624807	51.58638108
-12.079999	48.55
-7.714739617	55.22695287
-10.44990539	52.18000391
-8.810464072	55.00718757
-7.53475258	51.99869954
-6.180821986	57.41124247
-5.245094113	50.28375189
-8.994377755	51.5612617
-7.065147499	52.03276111
-10.03097763	51.58475587
-3.343407316	58.65125234
-0.357318251	58.93075938
-5.965047915	57.01804398
-4.589570297	54.06409762
-8.217816105	55.25224514
-1.715958931	50.7172579
-9.233691841	51.45111717
-10.39771306	51.88890143
-2.228899	49.2172
-7.481647123	52.05779993
-9.233691841	51.45111717
-4.184200787	52.88438142
-5.947939055	56.45111493
-9.350750914	51.4687049
-7.704429929	55.3455073
-8.459143246	55.17701362
-4.8737066	50.59760873
-9.233691841	51.45111717
-9.335555921	54.24691856
-5.037641497	50.20119527
-5.733475789	52.54144859
-9.233691841	51.45111717
-4.76080035	53.18443012
-7.839212645	51.96535346
-5.831910881	58.16687851
-12.259999	49.21
-4.64088588	51.73110334
-2.59330135	50.63874708
-4.666276575	55.53331292
-9.750731401	53.13711966
-9.753071473	54.35928549
-8.765794556	51.43263402
-8.954861597	51.5337236
1.770571593	57.01866444
-9.224248501	51.47458869
-5.943462419	49.94898329
-9.876681215	52.59591237
-9.976597973	54.33606123
-9.179311597	51.4624641
-9.520320007	51.41718531
-10.63405207	52.07893877
-10.43103982	51.83337659
-0.674404583	50.77752384
-8.284785813	51.78535148
-5.522718043	50.04982067
-7.478867015	52.04610306
-5.967867695	49.99134301
-10.04131315	51.58997056
-4.347098494	51.6240175
-7.007885108	56.99768923
-4.383144023	54.19603811
-6.794116346	57.66465846
-9.388378413	51.47545702
-10.00648634	52.27018321
-7.532762911	52.04992434
-9.520320007	51.41718531
-6.327532975	50.07925495
-3.889673546	54.73697577
-7.999275551	51.77311248
-7.652129904	50.5992245
-5.407818771	50.24220122
-6.887201395	52.1561539
-6.417324248	56.18519258
-7.744033924	51.30091757
-9.240102812	51.47532103
-9.860636689	53.12107221
-9.603315265	51.36483702
-9.520320007	51.41718531
-4.351240291	54.41693657
-5.569536051	56.39874504
-8.467837064	54.57685476
-9.412702829	51.47067169
-9.970525486	51.62174656
-4.451563674	52.37825418
-8.321305914	51.62166414
-10.01536873	53.61646989
-2.367219835	59.40050984
-5.04696457	50.47894741
-5.033688051	54.6597842
-3.732256441	54.25030904
-9.520320007	51.41718531
-4.471015129	52.17369835
-5.351610633	58.19749216
-5.458122871	50.22001937
-5.764087298	53.49930507
-5.417133866	56.00022059
-4.55891475	50.83883633
-4.649355178	51.72731483
-10.24805027	52.12109733
-9.658168216	53.06205088
-10.1797959	52.33812548
-9.918919699	53.32237055
-3.568373012	51.41667165
-5.809328817	51.8267539
-7.675979209	56.80434682
-9.520320007	51.41718531
-4.514882187	53.04959609
-9.32917601	53.23064501
-6.316165935	55.7578946
-7.709545004	51.31252312
-8.662075514	51.61933823
-9.233691841	51.45111717
-7.251237119	57.7022615
-9.907775836	51.64076296
-6.316255764	50.00048225
-6.595916993	52.17102306
-9.089599288	54.34553441
-10.50961296	51.78497498
-2.987535921	58.92664068
-10.72769951	51.89160044
-9.233691841	51.45111717
-9.520320007	51.41718531
-13.999999	51.358333
-7.350294115	49.78086844
-9.839608567	52.34481261
-10.24805027	52.12109733
-9.233691841	51.45111717
-8.520560051	51.61915205
-5.062589843	51.6480008
-7.980324562	55.28657418
-0.396591481	54.2925444
-10.26542331	52.0893007
-9.033303486	51.43327805
-6.202691969	49.94706464
-9.428530202	51.47047992
-9.233691841	51.45111717
-3.746007287	54.50271518
-3.749180153	54.46850981
-4.405212892	53.14358622
-9.793601409	53.16164688
-9.520320007	51.41718531
-4.561785674	50.78749967
-7.482349374	51.36297803
0.916605739	57.74979117
-5.181101031	51.95608494
-1.785415913	50.70841268
-5.710483213	50.07455577
-6.250199	49.5836
-5.708782479	56.29663588
-9.192108831	51.29063457
-4.392563044	54.67594888
-6.483883111	56.60199962
-6.215125461	56.40004035
-7.318536838	52.14055953
-6.19842553	58.51775517
-6.016079961	57.01731437
-10.37090858	51.93169838
-3.731316689	54.66652957
-4.096624766	52.5784261
-5.017530989	50.1045542
-6.944175519	52.21869654
-9.520320007	51.41718531
-5.449997689	50.18517112
-10.41596672	52.20138078
-4.55266783	50.93252403
-9.391639391	51.48800371
-4.691947035	51.71285453
-3.559072785	50.28892594
-9.520320007	51.41718531
-5.548742526	50.0616238
-6.215704466	56.82905698
-6.327836224	49.91185673
-9.520320007	51.41718531
-0.661632577	54.5537575
-9.520320007	51.41718531
-7.366742977	55.46549782
-4.05222924	52.48118664
-8.45888527	55.15455587
-9.520320007	51.41718531
-8.965500716	51.55970502
-7.132843781	52.1492274
-4.12744837	54.70876379
-9.520320007	51.41718531
-8.546583106	51.62173044
-9.520320007	51.41718531
0.866593626	51.61247561
-9.233691841	51.45111717
1.303283901	51.93472633
-4.832283297	49.99946528
-9.233691841	51.45111717
-5.435131791	50.19281012
-9.520320007	51.41718531
-4.571498917	53.14820288
-5.1300635	51.85041247
-9.042698066	54.31539939
-8.408618522	51.69599918
-10.30643186	52.2898737
-9.520320007	51.41718531
-9.233691841	51.45111717
-9.302910219	51.45666099
0.359328852	53.1795738
-7.836439855	51.92759902
-6.89078643	55.24021261
-4.273100312	54.36988488
-8.667428925	57.77497321
-4.549028748	54.1009295
-9.233691841	51.45111717
-4.49921238	51.1828419
-8.57888057	51.54966453
-9.77241272	54.37967067
-7.957659208	51.34253992
-6.368417762	57.58655847
-8.059495515	51.28949618
-9.225687593	51.47457366
-5.23638096	50.30018966
-9.520320007	51.41718531
-8.832196065	54.99985372
-9.646581947	53.14939062
-4.806391168	51.643614
-1.106250719	54.65852634
-8.041863315	55.4302983
-8.66260457	55.04581453
-9.520320007	51.41718531
-10.074999	51.175
-9.481489925	52.56376619
-9.225013615	51.44941029
-4.914112208	50.15218155
-5.961079	48.7025
-9.233691841	51.45111717
-9.520320007	51.41718531
-9.233691841	51.45111717
-10.15947692	51.58605726
-6.249152747	49.96786685
-11.100277	51.639444
-6.549651923	57.05210344
-9.967639047	51.62179498
-6.498768055	56.99997117
-10.466666	51.1
-6.663335784	52.21405208
-5.138421793	49.96369041
-4.411239488	54.8338067
-9.865782961	52.58260186
-5.518981702	50.07512774
-3.315421762	50.56627421
-9.233691841	51.45111717
-2.38228199	59.33041439
-9.876681215	52.59591237
-4.488451494	51.6984554
-5.524221028	50.08936492
-5.263878498	51.73252958
-4.522233938	53.17533507
-9.520320007	51.41718531
-9.520320007	51.41718531
-9.462673811	54.37034279
-9.520320007	51.41718531
-10.4136632	51.77979271
-5.025403151	50.16282868
-3.888960543	50.14550347
-9.48279736	51.45722067
-5.086648981	50.00466808
-10.408214	52.24738725
-9.677921739	51.48066069
-4.55583646	51.73838149
-9.520320007	51.41718531
-9.520320007	51.41718531
-8.584793283	55.18186594
-0.387797299	54.28163986
-9.520320007	51.41718531
-1.343630794	60.05137868
-4.645036909	55.5238847
-9.543802441	53.28467717
-10.28321687	52.26605331
-2.701477048	50.68491453
-9.724966895	51.46829116
-2.835301524	53.99828698
-5.074120956	52.03088818
-3.451459605	58.63840081
-5.578641601	50.20016979
-10.24805027	52.12109733
-9.551358083	51.39969795
-1.917214954	50.66631008
-9.520320007	51.41718531
-5.117942362	51.16797694
-6.926239962	55.20818782
-10.21085538	51.66331558
-9.233691841	51.45111717
-9.520320007	51.41718531
-4.926218933	50.57830807
-8.205720256	51.60844041
-10.67100953	52.11137105
-4.122992047	52.84862412
-7.686929288	55.16579763
-4.690802015	50.33929787
-7.478595018	52.06947106
-5.217783833	50.31600123
-3.554660889	50.32586435
-6.339725302	52.2198301
-9.951570732	51.61756829
-3.634857896	50.20602916
-5.106425852	51.80246594
-6.3571909	49.88195731
-9.476532824	52.81099523
-6.461776317	56.69095297
-3.304632105	54.07681113
-5.671255273	50.16488407
-10.466666	51.1
-10.516666	51.1
-9.233691841	51.45111717
-4.799394108	50.20178708
-9.520320007	51.41718531
-4.634049773	50.32980283
-11.499399	52.3311
-7.776724634	51.94907274
-10.549999	51.1
-5.469643397	50.22417427
-9.520320007	51.41718531
-5.03930188	50.13907369
-4.837837769	50.18825859
-10.24805027	52.12109733
-4.506063275	52.79439016
-8.748889765	51.36622285
-9.233691841	51.45111717
-5.034235	50.43429774
0.479070091	50.8333647
-7.590380793	51.96654847
-9.520320007	51.41718531
-10.20918792	52.28004741
-11.099999	51.635833
-7.499012813	52.06955961
-9.48279736	51.45722067
-4.584068396	51.69998774
-4.638015638	50.80558969
-6.110073448	56.80830164
-6.899374167	58.20585644
-5.52651377	54.28735057
-9.233691841	51.45111717
-9.43373772	52.86274951
-8.810464072	55.00718757
-5.037417662	50.153518
-0.650141705	50.78264201
-10.31462341	52.25015922
-9.969121166	51.62266912
-10.31462341	52.25015922
-4.209110138	51.16169872
-10.24805027	52.12109733
-6.999357388	51.25467121
-7.165789848	58.02165057
-7.374315193	57.52337527
-6.316255764	50.00048225
-2.90632119	58.81046696
-2.796334187	56.47451874
-9.972292642	52.12693278
1.818791192	57.1350011
-4.258114173	52.58984382
-8.271607422	51.76291136
-7.198940329	52.12992088
-5.034335112	50.03843828
-9.815994867	54.35565919
-9.603315265	51.36483702
-10.4136632	51.77979271
-9.233691841	51.45111717
-5.522616344	50.10560951
-1.408442628	50.72509702
-6.250199	49.5836
-4.343331438	53.0782787
-4.516468279	51.70775192
-6.279153483	49.97576132
-5.150187284	50.33494812
-9.520320007	51.41718531
-7.301900449	57.10524812
-3.342136477	50.61184076
-8.640544155	55.03605045
-10.141187	52.29838014
-8.321031431	55.37508748
-4.754602385	55.41358563
-5.668873333	50.17035816
-9.520320007	51.41718531
-5.544684889	50.10133797
-10.45061568	52.08649345
-9.733611287	54.37214688
-3.64878314	54.35126268
-3.623214702	54.87207136
-9.233691841	51.45111717
-10.06269093	53.96616405
-5.719371056	54.85371489
-4.912753553	51.61133855
-6.307882101	49.9225003
-5.103067436	55.01949976
-4.999501901	54.76404121
-8.196328987	51.77384741
-7.049663994	58.25577583
-2.417973825	59.37431218
-3.031988337	54.1163139
-3.782028882	53.40629466
-7.304266046	52.11890473
-5.192692219	51.68861035
-4.396659355	51.74173715
-14.116666	51.716667
-10.08251429	54.27137329
-4.791517968	49.92218247
-4.624142729	54.63428967
-4.443674671	51.67331287
-7.952098971	55.19763191
-9.520320007	51.41718531
-7.535548012	52.06251874
-4.768444621	50.19983031
-4.605519208	54.68234325
-7.204510628	57.11833891
-7.557988619	52.00508077
-5.443222069	55.4986359
-7.714739617	55.22695287
-5.469514516	54.68969469
-9.233691841	51.45111717
-10.45319568	52.21319812
-14.548055	56.571667
-6.168410352	50.86706787
-4.14866621	52.40483456
-5.587501188	56.10688104
-11.621299	52.332
-9.520320007	51.41718531
-9.520320007	51.41718531
-3.747284946	51.50677365
-10.38824606	51.92954972
-9.570197263	51.44619389
-4.310446023	50.35107987
-10.30563892	52.27460696
-9.233691841	51.45111717
-5.394210361	55.86687766
-5.077106301	54.76209576
-1.294681636	60.49294562
-8.666367716	51.61661728
-12.229999	48.09
-3.74650505	54.29684946
-9.278916876	51.26724419
-3.161256421	55.98189861
-7.832058141	51.93298581
-7.069766086	51.8098815
-9.145808728	53.20648717
-6.258149973	58.68396147
-3.754624757	51.51026144
-10.373845	52.23459915
-3.031782037	59.30264084
-10.12439916	51.45274249
-3.594005443	54.88234568
-4.602316822	54.7777136
-9.233691841	51.45111717
-10.25338793	52.11110676
-4.434133489	50.35035462
-3.638030676	58.68557068
-12.089999	49
-5.289973275	54.83653677
-6.35349697	58.04848607
-10.35766452	51.78991988
-10.64520872	52.09487143
-9.97654058	52.09090445
-9.280744932	55.24482184
-4.849540282	54.37742831
-9.038463301	51.53391231
-5.083020834	51.96949019
-4.094966038	50.2787017
-10.42826305	52.26585489
-5.886522347	52.73124792
-9.520320007	51.41718531
-4.82257954	50.6879197
-8.810464072	55.00718757
-4.062622929	50.30986481
-6.006707926	52.92028744
-10.25858137	52.12718878
-5.445049911	55.4832975
-8.451013855	54.45383171
-5.20071605	49.95658832
-5.300664857	53.74590913
-8.582172522	57.612783
-9.233691841	51.45111717
-3.744027316	53.32324083
-5.550669218	50.04986771
-5.280302884	51.73926827
-9.233691841	51.45111717
-2.74429355	58.92467604
-9.233691841	51.45111717
-7.402678922	57.44385618
-7.786902234	51.94999042
-4.258466354	52.91176714
-8.458679149	55.1365896
-7.066660722	52.03007659
-7.108600649	52.11938556
-2.133888	49.258333
-6.298754914	56.45113498
-3.055327425	50.6813485
-10.3167074	52.23393701
-10.25844509	52.12449449
1.781508777	52.47898879
-4.328069008	51.67566224
-7.252987174	51.8669173
-4.70076324	52.80000849
-9.520320007	51.41718531
-7.780175968	58.1806123
1.730647608	51.34795483
-3.283935445	58.90876782
-4.440669481	51.45571436
-9.520320007	51.41718531
-9.237228526	54.29379341
-8.810464072	55.00718757
-5.135403553	49.96017322
-4.538420259	54.72602396
-10.21664381	52.28260445
-8.965500716	51.55970502
-6.089573566	54.06933267
-9.311179572	55.21395266
-5.149528451	54.87353517
-7.016446792	58.23819147
-7.32416974	52.05790093
-6.43385278	51.36983477
-8.721962997	51.5713439
-10.21508791	54.36696585
-9.520320007	51.41718531
-3.219113851	55.98673197
-3.363066998	54.22718309
-10.07812366	53.41677079
-4.05104586	50.30197384
-9.520320007	51.41718531
-3.333733221	59.11935458
-6.316255764	50.00048225
-4.341120595	54.48276363
-10.05573356	53.26436626
-7.478867015	52.04610306
-10.1829629	52.28323212
-4.466598588	51.6692358
-9.520320007	51.41718531
-10.24805027	52.12109733
-9.520320007	51.41718531
-2.135799	49.1906
-5.239187283	50.3208045
-9.233691841	51.45111717
-8.61116797	55.05866084
-9.532112428	51.38287057
-6.033050503	53.08333302
-9.233691841	51.45111717
-7.028667349	58.42036918
-7.434163874	55.39486108
-10.78895676	52.26956829
-7.539374178	55.30547037
-5.615225959	50.0163797
-10.16094034	53.59595392
-10.00284868	51.60142144
-5.058429996	50.43816203
-3.214193319	55.98318591
-3.594995392	54.55154498
-4.953727417	56.25583201
-9.969057037	52.41733374
-7.108546858	52.12208163
-6.82993031	56.48914531
-4.766797525	50.26824192
-2.600371542	51.63065796
-8.547918862	51.61273538
-8.704696316	51.57414553
-0.747281961	50.75764304
-6.516510687	49.82814982
-9.967827104	51.45907189
-9.520320007	51.41718531
-4.041997101	54.70753701
-4.209334843	52.85244356
-3.615633331	50.30074648
-4.997230277	50.53961595
-9.520320007	51.41718531
-4.109112207	51.66451032
-5.743328779	57.71185221
-10.51959793	51.78206415
-7.050606205	52.1336091
-4.213182533	51.15712448
-10.23369887	51.74559288
-3.866546829	54.80834834
-4.494805823	53.2442545
-9.520320007	51.41718531
-4.712477776	54.79687734
-8.544977602	51.60825465
-7.441416904	52.12682462
-10.3126463	52.24030942
-10.24805027	52.12109733
-9.520320007	51.41718531
-10.73416625	51.78266137
-8.005075581	51.81266164
-10.17384838	54.02261996
-10.28409426	52.28311643
-4.947954787	53.96591851
-10.24805027	52.12109733
-9.454086328	51.45937822
-2.736001998	56.20891916
-7.482349374	51.36297803
-6.185651363	52.69485696
-7.714739617	55.22695287
-7.980283579	55.36921916
-0.526194299	50.79912997
-3.304632105	54.07681113
-7.521004533	52.05886528
-5.855478918	53.24123054
-10.24924408	51.99971298
-9.520320007	51.41718531
-9.520320007	51.41718531
-4.751744697	50.25060691
-0.772344722	50.72103382
-3.399387629	54.21238401
-10.074999	51.175
-9.520320007	51.41718531
-10.15947692	51.58605726
-10.04447984	51.59620848
-5.747451634	50.10036089
-5.557288402	56.09336852
-8.810464072	55.00718757
-4.915641519	51.58877929
-7.782621052	51.93290491
-7.150265307	55.31146855
-8.084710021	51.7461164
-6.216316882	55.308588
-7.996063579	55.3000505
-10.04576069	51.59259013
-6.294021439	49.90771649
-4.048597242	53.31749929
-6.300277	49.817222
-3.253755262	58.98631382
-2.913298509	50.73021588
-7.144806551	52.13493365
1.287948355	61.25228644
-4.318160834	54.18561869
-6.764828373	56.2424412
-6.710695036	55.21777945
-8.415611777	51.66990744
-7.70956203	51.30982639
-9.29092748	51.49095352
-6.259657972	49.89728714
-9.773389535	51.45498276
-5.337670833	50.02110539
-5.107848048	54.4739744
-9.278669522	53.19435112
-4.840665363	50.23587083
-4.44930111	54.14795718
-6.774793049	57.82373285
-9.520320007	51.41718531
-5.957015614	51.88391063
-6.150208003	56.93378663
-9.520320007	51.41718531
-3.91884862	54.76258637
-5.664531647	50.02202953
-5.601903456	53.51503496
-10.15799243	51.58518555
-10.07306111	51.65324348
-6.971812955	55.20768205
-7.938337287	51.83511664
-8.950463462	51.53016366
3.655519	54.023476
-9.413475211	51.44908737
-3.843960695	54.68823915
-6.498511277	59.75060373
-6.29676761	49.92291337
-8.591671607	55.539367
-9.233691841	51.45111717
-9.520320007	51.41718531
-9.966336046	52.12433551
-9.875863353	51.39225492
-5.232817639	51.68301415
-9.520320007	51.41718531
-5.784077286	57.13515531
-4.087348412	52.56959762
-6.126027283	50.04520992
-3.888746541	51.2329683
-9.961272499	54.30485922
-4.598652028	50.6589471
-5.950677789	53.5997158
-4.281897722	54.000202
-9.520320007	51.41718531
-9.520320007	51.41718531
-5.428023719	55.52424101
-8.852655918	55.52076082
-4.056627338	52.70142286
-7.999275551	51.77311248
-5.471108066	50.22503022
-4.429070572	52.87692581
-5.09780378	50.41552762
-3.949813004	50.29921869
-4.330723153	52.56685376
-6.951714944	58.23892317
-9.233691841	51.45111717
-10.10651198	52.27832866
-9.255423034	55.23969453
-4.347098494	51.6240175
-10.141187	52.29838014
-9.520320007	51.41718531
-4.12389265	52.77577148
-5.699035791	52.55157091
-9.233691841	51.45111717
-5.264882823	54.83451702
-5.019206798	49.9308691
-9.520320007	51.41718531
-9.108549777	51.51169677
-6.395211475	52.02014676
-4.866439199	54.31048866
-9.889461261	52.5498675
-8.252525522	51.71801105
-4.000041016	51.55220038
-9.520320007	51.41718531
-10.90769969	53.24841994
-9.520320007	51.41718531
-9.96998072	51.60916977
-10.57226195	51.81598633
-9.520320007	51.41718531
-7.319983838	52.14146669
-9.516276313	51.42532846
-4.598004177	53.19079154
-7.574417392	51.96199773
-9.520320007	51.41718531
-2.516498787	50.59953949
-10.04896017	52.33327645
-5.470885037	52.12600521
-5.983838057	57.10108252
-9.216291924	55.24548119
-9.520320007	51.41718531
-5.573114408	50.20123989
-4.486151216	51.70929711
-10.38519781	51.92691452
-10.30261648	53.56185267
-5.045791632	58.64107894
-3.65407298	57.81839204
-5.633807582	53.90753699
-9.520320007	51.41718531
-5.48002157	50.09699814
-9.520320007	51.41718531
-9.520320007	51.41718531
-4.91740072	50.16019593
-6.51004045	55.5026183
-10.51055267	52.19221326
-11.439999	52.3322
-5.218079469	49.9660045
1.736560634	52.43543904
-9.520320007	51.41718531
-3.602093624	54.57482262
-9.857839826	52.56924401
-4.078857532	52.3898964
-7.065147499	52.03276111
-4.365837173	51.70638619
-5.331165443	55.87759336
-5.82552799	57.00800268
-9.233691841	51.45111717
-4.413738532	54.40491442
-9.983230684	53.60801962
-6.314267176	49.91596299
-4.469241025	54.14844881
-5.295900586	50.06368838
-5.289125715	54.06563351
-8.586459044	51.57839146
-9.520320007	51.41718531
-8.469434853	54.84996707
-13.801388	47.790556
-4.79956234	54.09535814
-5.570480157	54.42754604
-9.066091965	53.19105087
-9.233691841	51.45111717
-6.965604513	57.73990886
-4.11983272	52.56991955
-6.712054669	49.87884989
-5.0753512	54.65693442
-4.101007877	52.48482642
-7.333332	48.5
-9.263306321	51.27280754
-4.457266358	50.33547455
-6.529505875	52.18998878
-3.716911982	58.60548556
-7.016446792	58.23819147
-10.31410917	52.24028074
-9.233691841	51.45111717
-10.31319281	52.27895394
-6.647463392	52.20668046
-5.631054517	50.04107907
-5.02672757	49.93966998
-7.568623519	51.95928017
-4.213914099	51.1724012
-1.731644747	50.69930756
-9.520320007	51.41718531
-8.002174341	51.79378597
-6.033982113	55.07756484
-5.184722966	49.96782567
-9.767373947	52.2632188
-6.57967052	52.1762217
-9.233691841	51.45111717
-8.556755905	54.40577233
-5.760547515	56.24741106
-10.20140825	52.41862797
-10.2743041	52.29229496
-5.152438107	50.00739628
-7.710382627	51.86084266
-9.65401995	51.45672784
-9.233691841	51.45111717
-6.191469895	58.50269453
-4.79949928	50.20358383
-5.748413076	51.26641386
-4.30030481	52.26708419
-7.635326715	55.3174727
-6.581930869	50.44296059
-7.642921429	51.94694533
-4.86395111	55.24294654
-3.403589025	53.88332038
-9.169540439	51.30524558
-2.89454812	58.75665546
-5.986889266	56.68279949
-6.206969553	52.64394811
-10.33183075	51.59804203
-5.753604648	50.12535647
-9.551358083	51.39969795
-6.076480852	55.93698533
-6.00388014	53.30402684
-9.202732891	51.47750817
-7.090710771	58.23254716
-5.599936075	50.05464671
-3.233527942	54.10183215
-5.213884274	54.34434416
-7.732155792	51.61640501
-8.724069758	54.63578891
-9.385421184	54.31554437
-10.074999	51.175
-10.37090858	51.93169838
-4.383628719	54.41720052
-9.038893036	51.55278579
-6.353996664	49.89287683
-7.583147039	51.96202896
-9.233691841	51.45111717
-8.291165434	55.60422758
-8.602063446	55.28599008
-7.03364252	50.356748
-8.234457389	51.86186435
-5.024785309	50.52900678
-9.520320007	51.41718531
-9.520320007	51.41718531
-4.100200394	51.53426098
-9.701458124	54.37619875
3.740529	54.025447
-7.999275551	51.77311248
-1.399281185	60.15132337
-7.642664225	51.97930226
-6.894766389	58.29600557
-9.520320007	51.41718531
-5.983727044	56.68380016
-5.453782457	49.96551743
-9.58342822	53.13946235
-3.019089153	54.08945681
-13.231799	51.0437
-5.388399	49.678
-8.63113024	51.57456418
-9.516276313	51.42532846
-9.520320007	51.41718531
1.186440027	57.70193614
-7.715548423	51.96242321
-9.302910219	51.45666099
-10.074999	51.175
-6.706399	49.658
-6.071423109	52.1968726
-3.369354352	50.57554639
-5.068482705	52.03373373
-15.999999	59
-9.520320007	51.41718531
-6.617307991	52.18835395
-5.641051294	49.98857728
-6.279153483	49.97576132
-5.23156406	50.33271288
-6.71924188	55.19630761
-7.528332775	52.05529958
-5.725820791	50.16404406
-5.044539778	50.44122556
-10.408214	52.24738725
-4.649617945	51.7318061
-8.536220819	51.60020501
0.839758328	50.76126845
-4.443674671	51.67331287
-5.436680526	50.21435809
-10.24805027	52.12109733
-3.54822502	50.3007644
-5.553011211	51.85367833
-7.979116854	51.49985389
-6.339592838	49.91861607
-11.299999	53.3
-10.3126463	52.24030942
-4.198480246	51.53875557
-8.577527333	55.00492257
-7.515250068	52.05165123
-6.894766389	58.29600557
-6.89078643	55.24021261
-8.54823294	51.63880149
-9.233691841	51.45111717
-9.398822942	52.93147109
-1.322042493	54.91967184
-10.074999	51.175
-10.15947692	51.58605726
-4.687875593	51.71744504
-7.710996272	51.30982994
-3.371266561	59.14052154
-4.889754951	55.44642787
-10.37090858	51.93169838
-5.053816032	52.05390363
-10.24805027	52.12109733
-7.887383583	51.90428923
-6.364983007	49.95275912
-4.535302131	51.00576322
-4.419989742	50.95424007
-5.543073458	54.37037217
-9.346064162	51.45617346
-9.052438571	51.51491041
-6.958108881	57.64842573
-5.582925472	50.03267911
-7.862762856	51.87729812
-10.074999	51.175
-4.195304698	54.64282625
-7.551117256	55.24173246
-5.400530669	56.48531936
-9.546983124	51.73776304
-9.341399575	54.23786813
-9.233691841	51.45111717
-6.801038831	52.20834084
-10.24805027	52.12109733
-4.119918969	52.63286504
-3.210061682	54.97216315
-5.521627799	50.09214301
-2.187099	49.1728
-3.448621949	58.61148289
-6.269094865	52.22960175
-4.486151216	51.70929711
-10.1797959	52.33812548
-3.506327281	50.48570818
-6.211666457	52.45616046
-9.520320007	51.41718531
-10.1993869	52.31888469
-5.812835283	55.30689816
-10.40841225	52.22400979
-10.074999	51.175
-10.0754541	53.97762726
-3.545659312	58.62562514
-8.932199077	51.48266758
-9.240102812	51.47532103
-9.366558923	55.1333849
-4.148373091	52.82119088
-2.663497231	57.69268888
-9.449698154	53.16273503
-9.520320007	51.41718531
-10.4961503	52.11790182
-9.520320007	51.41718531
-1.698288411	60.34810139
-8.810464072	55.00718757
-1.733020001	50.70650572
-7.743377752	51.93012942
-10.76123046	51.77483567
-6.099613487	49.91566423
-4.767219609	52.06728312
-4.998505843	54.75057831
-10.32198626	52.25091353
-7.03364252	50.356748
-4.083106854	52.41769874
-9.520320007	51.41718531
-6.326863531	50.02528442
-10.549999	51.1
-5.538696135	54.34062502
-5.027660934	50.52983162
-9.520320007	51.41718531
-9.520320007	51.41718531
-4.703513422	51.66401833
-4.516758746	53.20962194
-5.323003786	55.83825133
-8.234102987	51.79355296
-4.548601815	51.7385387
-7.394252857	57.443318
-5.38867522	55.93177084
-5.525738068	50.11001348
-2.151299	49.1953
-2.401823933	56.16732543
-7.955756737	51.82613607
-6.167283286	58.16804116
-6.848868408	58.29775793
-8.534724711	51.59571741
-3.34913041	58.66556541
-9.520320007	51.41718531
-10.83470946	53.43625706
-10.074999	51.175
-10.41821072	52.24268791
-9.233691841	51.45111717
-6.612347277	52.1127917
-10.79252985	51.24720543
-4.533332	49.266667
-7.570602725	57.57064984
-7.381097135	57.52398556
-6.562105528	52.08612242
-8.499949992	51.58328626
-7.40561702	57.29432007
-5.836974915	50.13522529
-8.830678071	54.69889418
-4.292656475	53.41646183
-12.139999	48.51
-6.509008488	52.05939522
-7.691023944	51.93180132
-9.517564833	51.42081691
-8.238707796	55.32676693
-5.618249322	56.09159517
-2.730536723	51.5480882
-10.074999	51.175
-3.367560241	58.16589193
-6.195853415	49.90051745
-6.564481857	51.78412348
-5.317499	49.669167
-10.38506432	52.22538313
-9.233691841	51.45111717
-6.269863941	58.49740828
-2.999820589	50.4003179
-4.654339838	53.27857571
0.001201243	56.16705532
-4.361490237	51.65071092
1.460482889	52.8738144
-1.832131062	50.71568428
-9.797696021	51.45101652
-5.920944662	53.65132987
0.325377706	53.73952382
-9.702188153	52.70191371
-5.033214004	50.5503787
-6.02081006	58.46769701
-4.615320108	52.14000672
-4.251668946	51.65196951
-8.602063446	55.28599008
-5.061940466	52.04469784
-8.482031354	54.60015837
-4.216342118	51.16336075
-4.371765899	54.21154718
-5.683381448	50.04932583
6.033333	63.133333
-9.489170647	52.79016549
-3.86683838	53.35015336
-6.084535814	50.05027945
-7.755454117	55.25129619
0.786254382	54.14781999
-5.306563651	58.17080122
-6.782922733	55.16821066
-9.968965584	51.61907575
-9.809965078	53.15960175
-5.920163332	50.29621198
-3.494688965	54.09078086
-3.408832645	54.84778235
-2.99840837	58.15673769
-10.49916738	53.94978503
-11.219999	55.87
-6.048830332	49.84186112
-9.933316241	53.37516474
-9.520320007	51.41718531
-5.294057326	50.26078018
-9.233691841	51.45111717
-9.240102812	51.47532103
-6.587148922	52.17091837
-5.156455056	50.3446745
-5.515242099	50.10043467
-10.39158128	51.93757309
-6.652014222	52.20133946
-4.491407217	52.82347587
-9.899541366	53.72980468
-5.398587541	50.23077532
-8.691182709	55.06991182
-9.520320007	51.41718531
-8.429454755	55.18969861
1.340323357	51.94357513
-9.660905643	52.7447432
-3.935795897	50.26527078
-6.068250817	50.17143467
-9.233691841	51.45111717
-2.308764627	60.32743192
-7.798332086	56.3854601
-6.756907799	52.21687255
-4.98420519	50.53455297
-2.999820589	50.4003179
-10.31410917	52.24028074
-7.324515554	52.13160582
-5.149528451	54.87353517
1.065281992	50.91298662
-9.520320007	51.41718531
-9.499005122	53.03270691
-3.910308294	54.71328022
-4.866977815	50.6031723
-4.216092088	53.21739373
-4.860407706	54.09032928
-6.672373753	57.05657342
-10.05886253	51.595058
-2.434382757	50.58278609
-10.10098774	51.63206982
-6.910677122	57.76904748
-9.233691841	51.45111717
-5.0689097	51.65593139
-9.520320007	51.41718531
-6.443683534	56.9389752
-6.4607484	55.75272215
-10.09929627	52.24969158
-9.233691841	51.45111717
-7.667587575	51.95510699
-1.260265186	60.48557543
-3.592022105	54.8715854
-8.715897093	51.55250419
-10.074999	51.175
-4.444158558	51.68229692
-5.106981912	51.81054687
-9.800737381	51.41860583
-8.4043354	51.70230606
-6.595916993	52.17102306
-9.520320007	51.41718531
-4.149856369	50.25071235
-3.153110753	53.95970093
-0.564390865	54.28387171
-4.816165932	50.22477222
-8.034088395	51.82524061
-9.182746769	51.48400402
-9.005358372	51.5359985
-9.520320007	51.41718531
-1.264267539	60.30869306
-9.233691841	51.45111717
-4.558289609	50.87932894
-9.149999	51.16
-10.33222867	52.25071153
-10.22654176	51.57041916
-9.520320007	51.41718531
-5.616770736	53.49196323
-9.233691841	51.45111717
-3.629250431	54.36321413
-8.22953084	51.74951823
-9.233691841	51.45111717
-7.307394936	52.10544093
-2.959319787	51.38456963
-3.754996073	54.81990079
-10.065999	46
-10.2161674	53.64078061
-2.800901535	56.46011271
-3.00614647	51.22589821
-0.98387331	60.47836855
-10.21947154	51.83935904
-9.213331952	51.49717563
-10.24805027	52.12109733
-4.324201457	51.08930929
-9.364727085	54.24749036
-6.167398431	55.9330392
-7.013251236	52.13929924
-8.72585021	51.63424239
-4.140270588	50.19331743
-9.520320007	51.41718531
-3.678386617	54.58637314
-7.669274125	51.32769801
-4.398183488	52.80201612
-4.496771661	52.81347102
-5.913979435	54.21919012
-5.669271431	51.67557448
-10.16598075	53.78280291
-8.542368357	55.06347856
-3.274556118	58.6537492
-4.674607244	54.8831306
-5.15923033	50.36529173
-9.520320007	51.41718531
-6.142754436	52.20520842
-9.520320007	51.41718531
-4.816843674	54.64164673
-4.163337462	52.82361665
-9.520320007	51.41718531
-5.323061493	51.86760243
-1.682877308	60.25557418
-3.75178089	58.57986017
-9.240102812	51.47532103
-3.614998732	54.66633843
-7.059304367	52.10282369
-4.020545826	50.27822055
-6.509755254	55.67985869
-9.302910219	51.45666099
-2.583121057	57.70206814
-10.24292725	51.58089545
-7.393559599	57.32544104
-9.520320007	51.41718531
-5.729660683	50.05144518
-9.532112428	51.38287057
-6.284999	49.784444
-6.313198548	55.71661974
-9.849667206	54.2832586
-8.537791562	51.61098444
-3.687902275	54.51702426
-4.751741801	50.274897
-2.775551494	59.00173676
-10.074999	51.175
-4.349565811	49.91759003
-3.216530519	59.06571379
-0.246991498	61.45054604
-5.849521952	50.09971626
-6.418273742	49.91023979
-8.772030313	51.37596088
-9.520320007	51.41718531
-7.018914342	57.25009971
-7.72434995	51.95075942
-5.499630987	55.366643
-9.520320007	51.41718531
-5.773194924	50.01854252
-6.882525527	56.48078559
-4.796246092	52.76182185
-9.479020265	51.4294004
-8.278601303	51.72244643
-3.069951191	50.70190152
-7.474430807	52.05147626
-3.368130103	51.30946232
-2.978784936	53.9360779
-8.559741129	57.80403903
-3.632424228	50.21685757
-7.944149729	51.82792881
1.00228698	50.88493824
-3.049042247	53.8824479
-6.250199	49.5836
-5.666836964	51.71703439
-6.667540183	58.33510405
-9.233691841	51.45111717
-9.520320007	51.41718531
-10.2491174	53.54938929
-10.60948823	52.08308159
-5.014544025	50.54546609
-7.193024268	57.62457611
-9.233691841	51.45111717
-6.05902159	53.14675276
-3.891912812	54.61828183
-8.655200246	51.54297092
-6.535541229	57.4088443
-8.910085552	55.05769191
-8.730703613	51.57668319
-9.233691841	51.45111717
-6.51030357	55.71222549
-9.520320007	51.41718531
-3.664951422	54.40857259
-4.066310081	51.55015237
-4.198473568	50.3010774
-2.584793668	50.6369913
-4.56495975	53.23916786
-5.149528451	54.87353517
-2.255756221	57.68159259
-9.520320007	51.41718531
-10.61266535	52.08750632
-4.167272795	57.53119207
-10.57226195	51.81598633
-9.520320007	51.41718531
-5.498386284	52.81178681
-8.605679175	51.6133505
-10.68972852	51.25321101
-9.58342822	53.13946235
-9.778792695	51.44591094
-9.520320007	51.41718531
-5.375151516	58.26609048
-4.226090595	51.09841507
-3.470514429	54.18546778
-10.1476119	52.3099495
-7.73680239	51.31168862
-9.520320007	51.41718531
-5.637819992	50.03816756
1.586487319	61.3669472
-9.6632277	53.11590555
1.772001114	52.47119628
-3.84306912	54.63431716
-10.6662494	53.75024555
-5.026249339	56.23340124
-5.191465135	49.90106007
-5.296850285	50.30118793
-9.553395984	54.36831076
-6.931806998	52.12420834
-3.616980312	50.21617405
-9.520320007	51.41718531
-6.600474691	52.1189434
-6.300084872	50.11627346
-10.14298343	53.42011804
-9.520320007	51.41718531
-4.660556196	53.28203411
-7.551786104	52.0428077
-9.708739687	51.45774096
-3.242084852	54.0810689
-1.202611976	60.46189561
-5.53375727	50.00989453
-9.532112428	51.38287057
-9.520320007	51.41718531
-5.42032534	50.20134515
-5.645091879	57.26875424
-7.971711069	51.82973635
-4.364771335	52.32156799
-9.944695908	52.56515236
-10.29475092	51.77857895
-4.66606402	51.02353991
-10.01935835	53.92106708
-3.101039896	58.83590038
-10.13080193	52.26530768
-9.933316241	53.37516474
-10.31093422	52.26371591
-10.40179618	52.18279159
-7.565875898	57.9003166
-8.619999	63.76
-3.290951809	58.95720412
-10.08758729	53.88485034
-7.669274125	51.32769801
-7.391637829	57.26702029
-5.203261956	51.94019172
-9.58342822	53.13946235
-6.353915817	49.89197993
-6.502801691	52.02695673
-9.44881622	51.4747258
-6.361776676	55.29535214
-6.819358232	55.20989541
-6.290106579	49.94205886
-9.968208611	54.22476715
-6.048830332	49.84186112
-10.074999	51.175
-8.032182016	55.18056869
-4.337574394	50.35953314
-1.532982101	50.74005233
-9.865782961	52.58260186
-4.733923241	54.72266962
-3.716243191	54.75034169
-9.520320007	51.41718531
-9.233691841	51.45111717
-2.974603348	58.96087092
-2.94389132	50.70119158
-6.933223014	56.44548426
-5.615225959	50.0163797
-4.215815223	51.53932873
-9.087222455	53.25736186
-8.456936061	57.87059158
-7.100987317	55.40095084
-5.921990112	53.29094366
-10.1208457	53.51937821
-5.256084294	55.72585142
-4.158401879	52.4235419
-4.378197672	54.77512405
-5.2430853	50.29550413
-5.485776442	50.32986067
-3.638153113	58.09801758
-3.687383706	54.50444659
-9.520320007	51.41718531
-9.233691841	51.45111717
-9.500170882	51.41654599
-6.250199	49.5836
-6.601152166	52.0506375
-5.504207093	50.10256818
-7.38211465	56.91731044
-3.453019893	50.58622538
-8.805653423	55.07909053
-5.920163332	50.29621198
-4.92325397	51.59488632
-9.948807117	53.87729873
-4.565860717	52.80210446
-5.569974035	51.75600576
-3.948016826	51.44874927
-4.876439429	54.21133936
-8.810464072	55.00718757
-7.602402023	52.08792988
-7.739942605	58.20584103
-9.233691841	51.45111717
-8.810464072	55.00718757
-9.233691841	51.45111717
-5.103681708	51.78364864
-9.41637938	51.44995127
-3.639669693	54.50869881
-0.155848004	54.07424416
-5.020124795	50.54442173
-6.319471775	49.88067146
-10.074999	51.175
-5.234064608	50.30745177
-6.368096586	49.94094246
-3.772170647	54.60750911
-7.348916508	52.0607367
-8.573646493	55.0615385
-3.636135818	50.2024131
-7.813312315	51.89520674
-5.173076221	50.42519294
-4.355899269	51.65442088
-4.339742215	51.62146619
-7.977542079	51.77311034
-9.233691841	51.45111717
-10.074999	51.175
-5.002931994	55.68645348
-6.271666	49.776944
-4.000339554	54.68126336
-9.532112428	51.38287057
-8.966885437	51.55699688
-3.687838778	54.73995371
-10.45537632	52.19966792
-5.144045264	50.39089453
-5.032934555	52.02566018
-1.999302265	49.99986125
-9.520320007	51.41718531
-6.41124978	55.23940379
-6.362656591	52.17191969
-4.672831549	51.70789454
-9.520320007	51.41718531
-5.215449723	57.91514644
1.000186805	50.40819191
-1.782558179	50.71380363
-9.263873664	51.5020355
-5.154243695	50.35373137
-9.582114332	51.41636737
-8.458932432	57.87229122
-7.348170367	55.44114576
-4.071437209	51.12194541
-4.550299933	50.78505289
-5.294875066	50.06911593
-4.597671846	51.12672591
-6.979022402	57.88604617
-4.015580509	50.29359896
-7.489380152	55.3969007
-4.409227468	53.10843526
-10.24805027	52.12109733
-6.838250399	56.49062025
-11.129999	50.28
-7.378572311	55.31643656
-7.671068945	51.87691842
-7.520000268	56.88157565
-8.560527378	55.13077363
-8.497335185	54.45904069
-7.68078369	51.32323534
-9.520320007	51.41718531
-5.301139277	58.16734609
-5.066247433	52.04368627
-5.116772678	51.78420154
-4.626844131	53.34393054
-5.297873319	50.09242374
-9.133083964	54.2489919
-11.130555	50.283611
-4.582847719	50.78343676
-3.350719888	54.0367491
-4.917088701	50.56774185
-4.069778337	52.72906977
-1.445718173	60.17487396
-4.209110138	51.16169872
-6.31570808	49.88531154
-8.01812924	51.81805341
-5.494177812	54.26331532
-2.838668291	59.30582337
-8.197421203	51.69204956
-7.366742977	55.46549782
-4.47230345	51.69429944
-2.175699	49.251
-5.044523898	50.1992156
-9.233691841	51.45111717
-9.292114716	54.28063826
-2.994687395	58.38853039
-4.36543971	53.01849215
-2.769703764	50.70157241
-9.824050336	51.4263363
-6.316255764	50.00048225
-9.321723128	54.24617249
-5.106515762	54.65883618
-9.233691841	51.45111717
-0.991873247	60.68945953
-8.427406773	54.85102065
-4.596952182	56.11461969
-10.17384838	54.02261996
-4.9336072	50.58351979
-4.999501901	54.76404121
-5.847720553	57.0154149
-9.520320007	51.41718531
-6.209106928	52.62780144
-10.4961503	52.11790182
-7.577183498	51.97728773
-9.976631311	52.12596119
-8.311160691	51.6162982
-4.578782217	51.73428224
-8.016681888	51.82614321
-3.288051409	53.39016982
-4.273839949	50.35000259
-10.1441632	53.56300168
-7.346833693	55.33064439
-9.972292642	52.12693278
-5.892974472	57.06976883
-9.233691841	51.45111717
-6.010294541	51.65361332
-4.369058084	51.71261703
-5.099268017	50.41638825
-5.460760256	50.19834684
-6.150218836	55.2734623
-10.516666	51.1
-9.355014168	51.4668578
-5.997861313	53.5924262
-4.411625196	53.12457276
-6.421018772	58.12800617
-8.483415177	57.86743486
-3.535277	44.385278
-10.05628989	53.95998293
-9.819304173	53.30955167
-9.233691841	51.45111717
-10.03506272	51.57929104
-7.094383933	52.10040189
-10.53169995	52.10096123
-3.634857896	50.20602916
-5.501274274	54.67777233
-3.612679403	50.25491278
-9.233691841	51.45111717
-7.962983937	51.85759795
-7.839485417	51.88895351
-9.233691841	51.45111717
-8.498353541	51.70104603
-5.655274236	54.15691378
-5.691923356	50.0877455
-7.462743148	55.38241348
-10.30573561	51.59586062
-4.04951393	50.23363539
-2.934899048	54.01732952
-3.86062206	53.37992085
-7.482349374	51.36297803
-9.520320007	51.41718531
-5.444166	47.330556
-8.520498356	51.61375903
-3.633542264	53.92715872
-9.553281764	51.41405613
-9.946655678	54.41832277
-9.233691841	51.45111717
-10.15371772	52.28466826
-8.506070733	51.61472099
-7.907795239	51.87105018
-4.793365058	55.44776851
-4.518108794	53.25815195
-5.532535459	50.06931695
-9.520320007	51.41718531
-10.30181731	51.94565624
-5.152814719	49.97049753
-3.550654676	50.4185649
-4.930585738	52.70911105
-9.233691841	51.45111717
-8.441789287	51.68599158
-5.204181809	50.3226751
-6.554672965	56.63450775
-6.093341976	53.28302178
-3.346928519	59.09945688
-5.297368508	51.81435302
-4.323834932	51.7342065
1.501292333	51.16611615
-6.048702973	53.37397333
-8.274221457	51.71616471
-10.24805027	52.12109733
-2.366387586	57.67593065
-9.520320007	51.41718531
-5.283098329	50.26468944
-9.233691841	51.45111717
-3.705256462	54.30283353
-4.300971383	50.9953244
-4.132869395	50.18445795
-9.475719679	52.83077829
-9.944695908	52.56515236
-10.74478335	51.23934402
-9.865782961	52.58260186
-9.211575748	55.2455281
-4.749196934	50.27945541
-10.03426295	51.59368903
-7.527557126	51.99058149
-4.933019885	50.6195193
-6.28863691	49.94121338
-9.198671807	53.11609771
-10.74507297	53.93542573
-10.11281772	53.6911821
-7.04911966	52.03263285
-5.744649781	50.06445906
-6.651291307	50.14410836
-9.23965156	53.24239404
-2.058602137	57.10058962
-9.388351128	51.47455838
-6.349516204	49.96684025
-10.11502354	54.4262748
-6.698863541	52.2000677
-5.580706929	56.137652
-6.342358852	52.18840641
-4.718105078	53.3140083
-9.291820336	53.13399619
-5.082877268	55.00113087
-4.197883425	52.27083456
-4.554461641	50.83533582
-9.520320007	51.41718531
-3.150855747	51.39993184
-9.230616683	51.28304441
-2.647127929	50.64475635
-9.514868661	51.42624563
-6.117221	48.980833
-10.24805027	52.12109733
-6.339758812	52.21893169
-6.221090739	58.49182968
-6.965679667	57.72820874
-5.017969419	50.53278236
-9.520320007	51.41718531
-8.145233493	51.6543733
-4.633926574	52.13329668
-3.751857939	54.38666724
-4.055604848	50.30998916
-8.168819724	51.77928323
-9.520320007	51.41718531
-4.185511717	52.91043453
-9.520320007	51.41718531
-5.081813743	51.97311978
-5.176102557	50.34413903
-2.998453327	49.99916336
-9.464048097	51.68039533
-3.407637849	57.75937451
-9.233691841	51.45111717
-7.41420155	57.3074507
-9.233691841	51.45111717
-5.432979208	50.20187125
-5.234961302	51.73332994
-3.994434567	53.37955787
-3.122704332	53.96268572
-6.249999	49.116667
-3.705256462	54.30283353
-1.206043748	50.79584504
-10.35691212	52.24662522
-3.616411183	54.97463152
-9.222903101	51.42426181
-4.631494977	50.74006974
-9.511786261	51.41999262
-5.282947858	51.7158058
-5.89682483	55.00518459
-7.46916384	52.00381518
-9.447767703	52.92728976
-1.071126443	59.97071533
-6.433584947	56.32584211
-9.520320007	51.41718531
-10.33163864	52.09969579
-7.154989854	55.31150132
-4.683553503	54.21759085
-5.156449573	50.38695958
-5.416112224	53.71789504
-2.233099	49.2241
-1.314964982	60.13474989
-10.0203657	54.31916059
-1.258543173	60.56099587
-5.768982136	54.88608828
-6.710256536	57.96199444
-9.520320007	51.41718531
-5.013284868	50.10376489
-7.493022556	55.48225542
-9.520320007	51.41718531
-3.278201224	53.61323045
-10.87408907	52.20369188
-0.418319222	50.79951587
-4.26657329	54.25133321
-3.717611746	53.30114689
-9.233691841	51.45111717
-6.486324812	55.66992328
-9.545683964	53.04559063
-7.027135859	50.42813593
-10.24805027	52.12109733
-8.339931346	55.18728594
-9.183584628	51.51635722
-10.11502354	54.4262748
-5.373260635	50.24950869
-6.26838624	49.90146523
-9.520320007	51.41718531
-8.382998054	55.09372993
-6.07844608	58.15023257
-4.271607388	53.1623965
-7.54677859	55.20847784
-6.906569152	52.14105488
-9.520320007	51.41718531
-4.373773475	51.71971699
-7.097782266	52.14896441
-10.43270038	52.13271357
-10.04949834	52.24966799
-3.971233588	54.68893203
-4.165568251	54.60830121
-6.232752106	56.50017925
-4.236420499	51.04604916
-3.6657279	54.76902382
-4.432500781	51.7347046
-9.233691841	51.45111717
-3.365326316	50.58278921
-9.520320007	51.41718531
-7.860499591	55.34309012
-9.520320007	51.41718531
-4.486151216	51.70929711
-6.293767535	57.70604608
-7.42198966	57.38272012
-5.672825034	56.19159774
-6.283590854	49.93150102
-9.760100812	51.44619311
-10.24805027	52.12109733
-8.542271017	54.94040134
-6.726035065	56.1899492
-6.05983358	53.59164998
-9.233691841	51.45111717
-7.426832386	57.6624327
-7.979015979	51.71917937
-9.343503923	51.46699026
-9.865782961	52.58260186
-5.516666	48.8333
-9.448316717	51.50439757
-4.310217165	51.58067865
-9.240102812	51.47532103
-8.55084777	57.81080682
-5.09349283	50.02427923
-9.520320007	51.41718531
-5.019206798	49.9308691
-10.88672023	52.17281496
-6.341429875	55.254647
-6.06255088	52.23268362
-9.510956616	51.39483202
-9.233691841	51.45111717
-9.520320007	51.41718531
-8.783374488	54.73963862
-4.29232297	51.56933743
-6.198617838	57.14442881
-4.693775846	51.6705384
-7.751666	50.0025
-3.031721506	58.60202884
-10.074999	51.175
-7.534339271	55.46625004
0.763313179	53.91815638
-5.068236631	52.03014222
-9.465651202	51.41608381
-9.966966601	54.16637517
-4.329516805	51.59108988
-10.47905821	52.09938351
-9.679492782	51.48423412
-9.520320007	51.41718531
-8.615717084	54.5375596
-5.833332	49.366667
-6.18109377	56.1043736
-7.989122672	51.81715546
-6.283546873	49.91530399
3.1401	52.4808
-5.53252391	50.33474642
-5.51035747	50.22474947
-5.20332044	55.04027892
-9.229470328	54.29117714
-5.234796446	50.31822777
-0.963881474	60.81945343
-5.087769887	50.08741098
-5.426757575	57.91680925
-7.739080196	55.35007775
-1.640446738	55.6058319
-2.55321856	56.1676392
-2.434382757	50.58278609
-9.233691841	51.45111717
1.502083718	51.38380783
-3.856014744	53.34312939
-5.053064886	56.2255497
-5.749729548	51.28256632
-6.16504205	58.51164984
-9.09608303	51.53248921
-3.737125609	54.76622444
-9.233691841	51.45111717
-10.074999	51.175
-3.671258332	54.41208119
0.937878363	50.90097174
-3.951032695	54.65599814
-9.520320007	51.41718531
-5.158303643	50.37251436
-10.34598554	51.78835555
-9.120885214	54.25180153
-9.233691841	51.45111717
-8.619933408	55.01818961
-9.34786484	54.34202759
-6.465155281	57.06324538
-6.502801691	52.02695673
-6.232413079	49.98377836
-4.443674671	51.67331287
-4.397135102	51.75072141
-9.836448455	51.44861777
-5.516543469	58.41870062
-8.502364752	51.6713662
-6.706399	49.658
-10.77064249	51.33584285
-6.10811543	52.77723617
-7.581340326	51.99977315
-9.520320007	51.41718531
-5.233637908	50.30116576
-4.966277521	55.8536696
-0.40754104	50.06899117
-9.520320007	51.41718531
-9.099215758	51.48301888
-9.94007565	52.56073386
-5.733476726	51.69963887
-9.233691841	51.45111717
-9.520320007	51.41718531
-3.652763403	54.56515203
-10.27288803	51.57402554
-5.831035229	52.50642209
-8.397117486	54.46120844
-4.641018025	50.32874506
-3.408832645	54.84778235
-6.997346869	52.13197447
-10.28409426	52.28311643
-10.80027182	51.28028929
-5.214815891	49.95889722
-9.233691841	51.45111717
-0.797933056	50.71770282
-9.233691841	51.45111717
-9.542774758	54.41337493
-4.668185474	51.28345027
-6.00502298	56.49964784
-4.784483136	52.06327855
-6.248882352	49.94897854
-5.032678658	50.05647553
-8.469999	63.59
-6.316255764	50.00048225
-10.3126463	52.24030942
-3.629236046	54.6733389
-5.243765279	51.73488613
-6.953968926	57.72866843
-3.238150268	53.38080852
-5.189163974	49.9506087
-9.169814678	51.31603038
-9.520320007	51.41718531
-4.113212704	52.49360154
-1.948835819	57.69082396
-9.013262704	51.56739255
-5.660346419	54.22980878
-5.132821522	51.78557364
-10.78653717	52.27771682
-4.226554999	54.04979051
-1.482207397	50.71735352
-5.037000173	49.96999124
-9.520320007	51.41718531
-9.520320007	51.41718531
-7.332949424	55.50035259
-10.31574841	51.93369592
-4.500690546	51.18370978
-5.333727528	50.08510048
-2.931498661	56.09258089
-5.616770736	53.49196323
-3.201987243	51.37603644
-6.249493205	56.06785412
-4.648118809	51.73094047
-0.594553036	61.48151338
-9.567299076	51.48758538
-4.184007191	50.16911424
-5.665608488	49.99950045
-10.05620777	52.33135267
-9.302910219	51.45666099
-4.089143788	52.66938117
-4.319428642	58.5528965
-5.148618336	54.86186919
-4.532598545	52.76594848
-7.534434524	55.45816565
-5.42361	47.454167
-8.459332667	54.92008015
-7.385349736	55.3874389
-6.239690601	55.31431794
-9.573714213	52.83221578
-9.520320007	51.41718531
-6.248659378	49.91478985
-10.01031365	51.57432367
-8.54062551	51.60647701
-8.533365757	51.60291467
-3.640166998	51.45346121
-4.516119321	51.67538022
-9.975470835	53.60365436
-4.575466751	53.18948265
-3.963991502	59.08080307
-7.836381017	51.9437778
-10.4039285	52.22230329
-5.17455441	50.3630747
-4.185732967	51.06050035
-10.43263163	52.21182605
-8.454677873	51.67335821
-4.798835687	50.21619484
-8.312707395	51.84100905
-3.501533188	51.39596309
-4.220094346	51.53834841
-5.005458118	50.53580515
-10.283332	51.066667
-7.478867015	52.04610306
-8.002175682	51.82165016
-6.185469612	52.55643309
0.339813025	51.45417375
-10.57709762	51.77362458
-6.350115649	55.73330679
-9.572334125	54.38064546
-5.292960397	49.89821937
-7.635244245	55.32645568
-10.01031365	51.57432367
-9.109062221	54.21147699
-5.683381448	50.04932583
2.551810934	55.15019565
-9.93371126	54.01144595
-8.252579929	55.27822966
-9.363646794	51.46675772
-5.088174283	50.0936981
-5.027776006	50.53162791
-8.104867511	55.36019268
-10.84045608	52.22698328
-10.14642715	52.25513629
-2.699142655	59.18270283
-10.18341322	53.97211858
-4.492961728	53.18674241
-4.466174646	53.44987004
-9.618482741	53.23695316
-4.565167421	53.21758158
-8.673179273	55.02329702
-10.31849776	52.24019458
-9.520320007	51.41718531
-7.624927384	55.25096493
-5.671200779	50.03621527
-10.36921923	51.92723736
-9.233691841	51.45111717
-3.019890633	54.05978619
-9.826022145	53.15036892
-5.46772259	50.2170337
-4.265341234	50.20084024
-9.549565124	52.8208494
-4.476006116	51.73559438
-6.283460021	49.88290984
1.75395646	52.50145782
-3.747284946	51.50677365
-4.79949928	50.20358383
-4.496235607	51.68210064
-6.149730678	56.46970631
-8.716094695	51.56508757
-3.263661162	58.78141328
-10.35937615	52.26545428
-7.393179396	52.13018151
-6.706399	49.658
-5.434912385	55.60317934
-10.0976714	53.96465952
-4.448981089	50.33834818
-9.199269616	55.2546336
-5.468758277	50.11533075
-9.830948617	51.45499682
-7.610826848	55.40633055
-4.761962343	50.6443936
-3.685167229	54.71302412
-4.602381218	53.18889745
-5.210282952	55.86642224
-8.14008086	57.01193352
-3.04528588	58.47975341
-4.339275988	54.23376041
-5.833874131	56.09227436
-5.192469176	58.94401873
-6.22976121	49.96947668
-7.704663825	55.3140667
-3.547940875	50.2054209
-6.498096266	56.58439348
-7.016446792	58.23819147
-5.633220881	56.23323468
-9.219787391	51.46924153
-5.976716075	56.32248612
-6.328467455	56.61201147
-8.907233794	51.53050592
-2.531526038	56.57836501
-5.658247988	50.03122603
-7.368223496	55.47179366
-10.31462341	52.25015922
-4.37519114	54.21777326
-9.391666754	51.48890234
-3.583859235	54.66315404
-9.937216145	51.61960407
-5.148618336	54.86186919
-9.885305238	52.45285641
-4.520911415	53.22931728
-5.147426543	50.37820755
-7.376441953	55.45207288
-9.520320007	51.41718531
-3.399007806	53.47163224
-7.365698855	55.33343877
-10.31269301	52.24120746
-8.872351988	55.2654929
-7.489102085	55.41845913
-4.831165609	50.05167341
-4.077373209	54.76177215
-5.489235116	50.22358692
-6.233826652	49.95222977
-10.32396598	52.26076313
-9.233691841	51.45111717
-2.034383713	55.8957069
-6.318332	49.818889
-7.633966617	55.29411219
-8.181591463	55.24062612
-9.346249248	51.46246401
-2.999820589	50.4003179
-8.17027558	51.78107883
-9.337234984	54.25139271
-4.599500439	51.48917649
-9.520320007	51.41718531
-1.106734099	60.11195611
-9.520320007	51.41718531
-4.743687063	52.77474128
-10.35766452	51.78991988
-10.60315638	52.14974954
-4.803194012	50.21878862
-10.24805027	52.12109733
-4.136296894	51.56598686
-4.423936265	51.62875146
-9.520320007	51.41718531
-3.550595959	50.41676672
-7.549593391	51.97089367
-5.912803665	53.60175719
-10.69815485	52.22223308
-1.106694221	61.17067181
-4.664156611	51.70809169
-9.520320007	51.41718531
-9.233691841	51.45111717
-10.22426415	51.84825847
-5.257316091	51.27752589
-6.065747404	53.39582087
-1.952682593	50.57729065
-4.264320506	50.17927025
-7.856948191	51.87908887
-9.174551778	54.25039204
-3.370834965	58.69138708
-1.436811551	50.72253936
-8.760921726	54.28605842
-7.368416738	52.12555744
-4.415115423	53.13349423
-6.611099	49.5482
-10.12882168	52.25455625
-4.8518755	54.63273404
-5.531690134	54.35486149
-4.689059412	54.08978748
-7.535669167	52.05083464
-4.567875312	51.61849451
-6.395211475	52.02014676
-8.865563895	55.17031431
-10.16566134	53.33342487
-10.12974103	53.96589255
-4.365898485	52.69924909
-8.231157953	51.7845703
-8.544307184	55.32129614
-4.316290693	58.55744585
-7.489102085	55.41845913
-1.349654957	60.38367147
-10.03426295	51.59368903
-12.209999	51.05
-6.300277	49.817778
-5.916945383	56.96830095
-5.209615997	53.21994231
-4.266024146	51.53387233
-4.375189543	50.35247364
-5.180072548	50.34043169
-9.233691841	51.45111717
-3.649114449	54.51306493
-9.795959121	54.39010578
-7.977515716	51.82614224
-8.536284347	51.60559803
-9.839608567	52.34481261
-5.221176542	49.94972325
-7.170044185	55.34484341
-5.061168963	55.02415845
-8.534893662	51.6100988
-6.35252748	49.89203215
-9.698134249	51.48216765
-10.35691212	52.24662522
-9.233691841	51.45111717
-6.248133764	56.04091602
-6.317526813	49.92124105
-5.721493159	50.12639143
-10.43124232	51.91788087
-4.334219393	51.68273528
-9.520320007	51.41718531
-4.19311577	52.76641851
0.525053973	50.84317248
-7.527538208	51.99237906
-5.62470757	50.01248436
-10.41352613	51.91285155
-4.182841441	52.50132967
-4.700464338	54.21811198
-5.038340493	50.07971937
-10.33345485	51.96660917
-2.279699	49.0983
-3.835576262	54.50228724
-9.106365987	51.540483
-4.347098494	51.6240175
-3.133715011	58.93442453
-10.27127285	51.74397344
-9.520320007	51.41718531
-10.03103644	52.32639478
-6.283035714	55.14961646
-9.233691841	51.45111717
-9.388378413	51.47545702
-5.40705085	55.8674217
-5.083512821	50.10821727
-6.400381147	49.8668238
-5.524221028	50.08936492
-5.765775846	50.06647411
-4.688756146	50.2781713
-10.78837291	51.55660958
-4.311457753	50.34296368
-6.000724925	53.27521317
-9.618905522	51.39968316
-5.427058099	55.69511881
-7.428022418	57.254649
-4.783168408	53.85025664
-9.515978936	51.41634257
-10.38312101	52.21643265
-4.324461029	58.55100842
-9.520320007	51.41718531
-10.0642582	53.96703582
-5.06231358	55.28488162
-2.853843047	59.35063224
-10.38909822	52.24597791
-4.697252338	51.68035255
-3.500079077	50.4219265
-8.73942831	55.05435598
-8.293455998	55.27274831
-6.255576097	58.52126655
1.781508777	52.47898879
-9.530349692	52.82289629
-3.484572592	54.78935347
-5.821829277	54.03121861
-6.33362368	50.31660548
-6.000700033	50.00011228
-6.352931632	49.89651666
-6.296606968	52.08438204
-5.593289819	56.15167387
-3.835576262	54.50228724
-6.049031402	53.36678865
-4.853548671	54.63449289
-4.089143788	52.66938117
-8.489616083	51.69568956
-10.06287643	54.3085558
1.756422213	52.51307423
-6.718736713	52.11938902
-8.63113024	51.57456418
-4.567875312	51.61849451
-6.882530422	56.46818844
-10.5824061	52.16998432
-9.033303486	51.43327805
-4.470440153	51.71322632
-9.233691841	51.45111717
-8.009424018	51.80277408
-10.06345788	51.63273559
-1.288896108	50.57243139
-4.191592066	52.91302011
-0.62934238	56.4173877
-4.159791879	52.81199136
-5.517980376	55.199749671
